CASE 100
0.519548 0.653661 0.106671
0.263715 0.301444 0.447487
0.332375 0.450522 0.435849
1.12607 0.761742 0.38225
0.547281 0.402888 0.482448
2.19446 0.423632 0.540551
2.54428 0.306818 0.218056
0.661407 0.467821 0.290851
0.242143 0.725327 0.23662
0.46618 0.22972 0.521884
1.72741 0.350423 0.376974
0.155325 0.196541 0.197818
0.633969 0.597899 0.201823
0.799416 0.779624 0.173933
0.362248 0.505869 0.13411
0.363376 0.363386 0.339383
0.121865 0.121943 0.0726723
0.748343 0.427296 0.152405
2.03209 0.418802 0.170305
1.3301 0.45798 0.395423
0.478798 0.223286 0.341691
0.298924 0.155103 0.364844
0.483688 0.294676 0.415555
2.30927 0.251395 0.299995
2.44479 0.0276706 0.179835
0.412673 0.367116 0.575402
0.451635 0.18032 0.173068
0.487853 0.40531 0.115071
0.251292 0.200927 0.150263
0.278761 0.461851 0.358447
0.777303 0.736849 0.248811
0.168912 0.168993 0.312579
1.80476 0.414104 0.282627
2.75253 0.109933 0.279809
1.05361 0.514691 0.317377
0.533016 0.351202 0.282533
2.672 0.142187 0.0935361
0.109001 0.109953 0.128918
2.39212 0.374961 0.593848
0.470782 0.35417 0.537852
2.37074 0.150515 0.464818
0.191022 0.191039 0.474286
0.505674 0.284267 0.579073
0.37281 0.467561 0.386125
0.631781 0.13828 0.105908
2.31048 0.24394 0.464569
0.461785 0.483788 0.144183
0.448335 0.385583 0.256141
0.670492 0.255734 0.290919
0.466105 0.313185 0.603886
0.367542 0.365338 0.21473
1.80458 0.288131 0.443275
0.361679 0.348248 0.331586
0.288373 0.457606 0.233956
0.497393 0.345906 0.368606
0.687637 0.440939 0.437294
0.630992 0.294334 0.422632
0.382891 0.816874 0.104085
0.286659 0.220201 0.201896
0.16196 0.161985 0.70545
2.25806 0.189515 0.375425
2.24964 0.916761 0.312743
0.262426 0.258068 0.154785
0.858855 0.3822 0.190452
2.61046 0.403757 0.817
0.329414 0.329414 0.221569
1.77262 0.0871525 0.565655
0.437286 0.244487 0.227705
0.368371 0.55067 0.256254
0.547943 0.544866 0.334787
2.50148 0.167315 0.408516
0.488022 0.532354 0.145451
0.269114 0.26528 0.128609
0.171638 0.171638 0.288774
0.491437 0.587994 0.321939
0.378172 0.293898 0.0415198
0.695449 0.361263 0.806251
2.36488 0.229018 0.181492
2.78159 0.0715 0.178176
0.21694 0.217013 0.110282
0.356933 0.343217 0.51339
0.183338 0.107009 0.183284
0.372121 0.23412 0.316851
0.185217 0.104251 0.196744
0.339257 0.240245 0.399979
0.754679 0.492752 0.303813
0.158034 0.601106 0.543328
1.88464 0.164898 0.555793
0.372139 0.372139 0.289758
2.72649 0.15502 0.379908
0.401242 0.458909 0.494459
0.222549 0.257081 0.310147
2.62148 0.257952 0.225325
0.357736 0.339092 0.490575
0.469676 0.418152 0.194111
2.48594 0.0659259 0.27616
0.292436 0.391388 0.118011
0.561438 0.418933 0.513419
0.197905 0.197905 0.214472
0.448689 0.58345 0.210636
2.56943 0.36138 0.60321
CASE 1000
0.28674 0.298492 0.137074
0.259571 0.292153 0.13638
0.257837 0.289875 0.0871189
0.143911 0.163599 0.0556042
0.437299 0.312936 0.0358004
0.447318 0.314976 0.130075
0.180586 0.173296 0.0215394
0.170583 0.267793 0.0954821
0.307589 0.313316 0.0843321
0.332363 0.38607 0.23176
0.242055 0.14858 0.149031
0.190538 0.245154 0.0653206
0.238716 0.252361 0.0365278
0.242463 0.245252 0.177348
0.0860762 0.0864594 0.0364591
0.255381 0.255548 0.204106
0.146586 0.136925 0.0476394
0.112594 0.111599 0.0344661
0.401091 0.399011 0.0500635
0.311436 0.268894 0.0994181
0.0373804 0.0440759 0.0962191
0.525409 0.457656 0.115844
0.435088 0.40642 0.0996275
0.297488 0.297488 0.0843394
0.26334 0.284851 0.0756598
0.413274 0.374484 0.0544172
0.345585 0.344855 0.239085
0.256336 0.0826024 0.0501322
0.489162 0.259806 0.276139
0.306513 0.248399 0.0659609
0.330686 0.300072 0.37157
0.283242 0.437834 0.18168
0.282907 0.329188 0.315844
0.42064 0.178686 0.120219
0.335371 0.131723 0.0916111
0.181487 0.199476 0.110942
0.372161 0.389588 0.0565234
0.32147 0.418341 0.121096
0.22215 0.201535 0.054297
1.84282 1.14647 0.397764
0.197498 0.235954 0.056842
2.82828 0.000211356 0.0421825
0.354377 0.344239 0.153506
0.631409 0.338067 0.0780533
0.116986 0.0910845 0.0821549
0.242517 0.220189 0.0632153
0.35868 0.192048 0.0513273
0.323759 0.323759 0.074229
0.245171 0.217931 0.0988162
0.0823504 0.0798038 0.0209327
0.315791 0.315791 0.0386467
0.28385 0.28385 0.0888705
0.398366 0.159866 0.0391684
0.237693 0.5103 0.170173
0.263667 0.313728 0.335857
0.643341 0.318191 0.154802
0.284492 0.282447 0.0480091
0.408335 0.342537 0.0592799
0.50764 0.500034 0.123842
0.292319 0.239826 0.0707031
0.193745 0.26748 0.166968
0.304887 0.209678 0.0978897
0.524531 0.444649 0.0626724
0.367837 0.316243 0.0646879
0.506426 0.321301 0.194155
0.405002 0.541538 0.0750717
0.258558 0.289825 0.0251561
0.347032 0.681265 0.182057
0.12179 0.168396 0.0595476
0.0974551 0.0996572 0.0921813
0.547799 0.500013 0.0420184
0.244704 0.283171 0.214756
0.674437 0.539105 0.20552
0.313696 0.418275 0.0982784
0.150603 0.199394 0.139773
0.398777 0.327091 0.0669012
0.238596 0.153349 0.0741502
0.203034 0.17252 0.0698713
0.329905 0.329905 0.0534467
0.602563 0.562997 0.054322
2.80973 0.0137751 0.011899
0.53444 0.55799 0.126165
0.214055 0.115873 0.264659
2.59951 0.0640141 0.0748014
0.18044 0.18044 0.0572426
0.296319 0.311573 0.0527389
0.20641 0.230091 0.132577
0.553259 0.553259 0.165958
0.111846 0.266094 0.106869
0.644511 0.535714 0.203249
0.223002 0.222872 0.0622474
0.363383 0.379551 0.0505409
0.284421 0.28728 0.101168
0.635648 0.272977 0.0735105
0.398967 0.34049 0.124021
0.395496 0.22367 0.0669287
0.706949 0.365141 0.164546
0.494081 0.306694 0.102261
0.104096 0.0862548 0.0558527
0.158449 0.154622 0.194664
0.278904 0.245063 0.107189
CASE 10000
0.110321 0.0961931 0.0252174
0.245639 0.173904 0.0266872
0.363819 0.344898 0.0268765
0.198114 0.228476 0.0562934
0.274191 0.236092 0.0335614
0.331236 0.271833 0.0425397
0.089933 0.0912856 0.0290469
0.0809319 0.0809319 0.0178024
0.144593 0.15776 0.0174575
0.325729 0.308594 0.0192689
0.500277 0.511294 0.156188
0.532893 0.532893 0.0319107
0.354917 0.318166 0.0652787
0.126062 0.224192 0.0883911
0.0347717 0.0332438 0.00530934
0.099583 0.0396631 0.0349381
0.195894 0.195894 0.0193021
0.322984 0.322984 0.0253165
0.310182 0.310182 0.0259224
0.221255 0.221461 0.0171601
0.24183 0.254893 0.0314384
0.282627 0.323331 0.0721078
0.396055 0.324993 0.0225628
0.365622 0.165777 0.0657136
0.465095 0.339997 0.0723065
0.113365 0.216263 0.0481418
0.275871 0.291175 0.0692334
0.232393 0.230607 0.0202987
0.264438 0.273813 0.121392
0.280434 0.270542 0.0215132
0.362101 0.339525 0.0384727
0.220922 0.248032 0.142746
0.177533 0.21705 0.151859
0.154679 0.154679 0.0161885
0.23712 0.210272 0.057417
0.211384 0.175697 0.0291964
0.226382 0.223877 0.0431914
0.176979 0.155677 0.0176529
0.267712 0.271831 0.0331077
0.288377 0.288377 0.0187882
0.260856 0.169797 0.0510537
0.221656 0.224795 0.0158004
0.210864 0.194975 0.0631535
0.444469 0.418005 0.0210557
0.234469 0.236806 0.0288879
0.212609 0.115884 0.00567749
0.1722 0.178932 0.0174768
0.265665 0.26973 0.0154639
0.265786 0.257916 0.0208908
0.482908 0.345119 0.121022
0.130314 0.241785 0.0401506
0.138965 0.183605 0.0204404
0.403849 0.400089 0.0528984
0.201414 0.200539 0.0159148
0.278311 0.27876 0.0310418
0.251202 0.260807 0.0182668
0.359186 0.37405 0.0268113
0.184621 0.181755 0.0285491
0.27552 0.278929 0.0176979
0.320186 0.363177 0.113191
0.143722 0.116308 0.0390524
0.266295 0.264757 0.0220736
0.378321 0.190889 0.0815985
0.312373 0.312522 0.0283829
0.279365 0.375904 0.0319336
0.0872393 0.0465223 0.00479833
0.201987 0.194825 0.0196955
0.288028 0.297617 0.0246574
0.0764798 0.0847156 0.0084373
0.867967 0.462427 0.844567
0.17316 0.158738 0.0701487
0.247513 0.26015 0.024208
0.417862 0.320914 0.0615944
0.27314 0.27314 0.0277759
0.124145 0.134304 0.00654262
0.201687 0.117942 0.0194117
0.528378 0.217758 0.0575628
0.292812 0.292812 0.0138852
0.285706 0.322807 0.0233652
0.150118 0.150118 0.0214525
0.158321 0.15905 0.0101821
0.448282 0.464159 0.0718665
0.0597567 0.0597557 0.0138178
0.333142 0.388122 0.0556279
0.287128 0.284259 0.0170544
0.049132 0.0489557 0.00752597
0.421962 0.448059 0.0323156
0.0767323 0.0688525 0.0238112
0.283654 0.147419 0.0316299
0.493377 0.392164 0.0246126
0.136177 0.140623 0.0229986
2.47735 0.305933 0.0234398
0.142709 0.184981 0.0083653
0.436111 0.458362 0.0448682
0.292657 0.344099 0.0354591
0.181906 0.177707 0.0105284
0.136937 0.157004 0.0660847
0.0825946 0.0809512 0.0252317
0.213033 0.217463 0.0768056
0.258043 0.273075 0.025506
0.259964 0.285857 0.0175017
CASE 100000
0.232285 0.226775 0.0105084
0.426596 0.433723 0.00738706
0.0633397 0.0633397 0.00401778
0.22953 0.206405 0.0196998
0.368419 0.368419 0.0117762
0.0778275 0.0778097 0.00563358
0.56439 0.56439 0.042393
0.228432 0.227868 0.00737198
0.290775 0.237486 0.0138802
0.158071 0.158071 0.00696746
0.403224 0.403224 0.0191223
0.202986 0.210382 0.00739333
0.153364 0.15452 0.011445
0.0419105 0.0341684 0.00309191
0.261292 0.261292 0.0059975
0.351468 0.349632 0.00340964
0.198368 0.200555 0.00565224
0.0525285 0.0524091 0.00536724
0.0296946 0.0297725 0.00176166
0.0175189 0.039593 0.0420588
0.246706 0.25212 0.00701359
0.379938 0.350592 0.0130438
0.198955 0.197939 0.00765518
0.289449 0.289449 0.0140769
0.228912 0.259709 0.00677958
0.131098 0.177592 0.00979565
0.0962719 0.0962719 0.00319061
0.212444 0.212444 0.00464939
0.23978 0.237769 0.00544998
0.329128 0.328744 0.00197572
0.338608 0.346611 0.0256427
0.22614 0.23922 0.00638538
0.154744 0.154744 0.00757815
0.0745702 0.09125 0.0220816
0.146871 0.143744 0.00505265
0.350238 0.386087 0.0985681
0.281485 0.281708 0.00763391
0.244322 0.244408 0.0031811
0.321258 0.318837 0.0160079
0.203478 0.203478 0.00700361
0.207424 0.207469 0.0115607
0.144334 0.144675 0.014285
0.113209 0.122155 0.0157626
0.258066 0.262505 0.0118334
0.0361737 0.0361737 0.00312071
0.33959 0.337483 0.00798124
0.22246 0.222838 0.00757814
0.232201 0.245227 0.0450684
0.127863 0.129272 0.00521346
0.157773 0.168373 0.00504398
0.249403 0.279828 0.00475593
0.233679 0.220485 0.00827333
0.425662 0.409687 0.00726032
0.219284 0.219284 0.0039663
0.237961 0.243207 0.00636392
0.197667 0.192432 0.001295
0.182311 0.148352 0.00768164
0.236634 0.236634 0.0114945
0.218389 0.267453 0.00600814
2.57812 0.112823 0.0043348
0.0876252 0.0876252 0.00525893
0.0342358 0.0330367 0.00141407
0.223975 0.21895 0.0104066
0.319647 0.32644 0.0117638
0.330358 0.314314 0.0199477
0.251781 0.256849 0.00959612
0.50363 0.472509 0.0166998
0.0279983 0.0278844 0.00147902
0.106811 0.106522 0.00975232
0.227185 0.234005 0.00667518
0.224486 0.229994 0.0213153
0.408 0.432412 0.015921
0.336834 0.324827 0.0124193
0.238975 0.242423 0.00889104
0.31148 0.313886 0.00902036
0.117213 0.116029 0.00862931
0.0306864 0.0284118 0.0038358
0.056185 0.0720645 0.00736971
0.316508 0.311623 0.00972587
0.144418 0.145035 0.00225652
0.28195 0.254413 0.0117544
0.0846102 0.0791257 0.0107149
0.0872215 0.0738168 0.0116956
0.0626982 0.0616336 0.00530224
0.274844 0.276226 0.00537213
0.0396952 0.0599997 0.0107598
0.165425 0.17093 0.00277157
0.0869266 0.0856113 0.00593845
0.248119 0.246314 0.0160555
0.1324 0.132959 0.0105554
0.324172 0.31764 0.00710526
0.28768 0.265989 0.00929199
0.267529 0.268152 0.00525483
0.31871 0.325351 0.0123581
0.145794 0.149871 0.00961003
0.350017 0.326647 0.00895042
0.288716 0.286029 0.0138198
0.110566 0.110693 0.0071756
0.185192 0.174161 0.0105785
0.279155 0.263141 0.00855515
0.280041 0.286503 0.0106053
CASE 0
