CASE 100
20.4667 20.4667 2.87924
20.4667 19.4378 2.95226
20.4667 20.3208 2.68158
20.4667 20.285 2.95226
20.4667 20.4667 2.82325
20.448 20.4667 2.87283
20.4667 20.4461 2.95226
20.4667 4.11222 2.90868
14.8692 19.7225 2.65019
20.4667 20.4568 2.87924
20.4667 20.4667 2.95226
20.4667 14.8073 3.03717
20.4667 20.5349 2.87924
20.4667 20.4667 2.95226
20.4667 20.4667 2.87283
20.4667 20.4667 2.95226
20.4667 20.4667 2.87924
20.4667 19.998 2.87924
15.4611 16.2309 2.87924
20.4667 20.4667 2.8261
20.4548 20.4429 2.52912
15.4278 18.171 2.87924
18.3264 16.0626 2.81629
20.4667 20.4598 2.95226
20.4667 20.4667 2.95226
20.4667 20.4645 2.74386
20.4667 19.5648 2.77297
20.4667 20.4667 2.82325
20.4667 20.0768 2.89787
20.4667 20.4667 2.95226
20.4667 20.4667 2.87924
20.4667 20.2628 2.67345
20.4667 19.4059 2.87924
20.4667 20.1572 2.7655
20.4667 20.4667 2.74386
20.4667 20.4667 2.95226
20.4667 20.4667 2.8261
20.4667 20.4667 2.87283
18.189 20.4667 2.95226
20.4667 20.4667 3.18859
20.4667 20.4667 2.95226
15.384 19.5745 2.85463
20.4667 20.4667 2.95226
20.4667 18.3264 2.87924
20.4667 20.4667 2.89787
20.4667 20.4705 2.95226
20.4786 19.3767 2.48603
20.3711 18.1425 2.65019
20.4667 20.3389 2.85519
20.4667 20.1163 2.74386
13.905 15.5625 2.76666
20.4667 18.639 2.87924
20.4667 20.4667 2.95226
20.4667 20.4667 3.23881
20.4667 20.0596 3.18444
20.4667 20.4667 2.87283
20.4667 20.4667 2.74386
20.4667 20.4395 2.81629
20.4667 20.4667 3.23881
20.4667 20.4667 2.95226
20.4667 20.4667 2.95226
19.4068 20.4663 2.95226
20.4667 20.4667 3.03511
18.2289 3.78485 2.86403
20.4667 20.4667 2.83002
20.4667 20.4667 3.18859
18.189 19.6237 2.7655
20.4667 4.55182 2.82325
20.4667 20.5169 2.73641
20.1572 20.0648 2.7655
20.4667 20.449 2.87283
20.4667 20.4667 2.95226
20.4667 20.2606 2.89787
20.4364 20.2516 2.48603
20.4667 20.3964 2.95226
20.4667 19.9648 2.48603
20.4667 20.4667 2.87283
15.4256 18.3914 2.87924
20.4667 20.4667 3.15583
20.4667 20.4601 2.65019
20.4667 20.2983 2.65019
20.4667 20.2446 2.65019
20.4667 18.7758 2.48603
20.4667 19.5815 2.65019
20.4667 20.4667 2.89787
20.4667 18.2807 2.92243
4.39601 20.4943 2.95226
20.4667 20.0915 2.37989
20.4667 20.2917 2.56604
2.72183 15.9553 2.98666
20.4667 20.4658 2.79559
15.0131 20.4034 2.95226
20.4667 20.4369 2.89787
20.4667 20.4667 2.85463
20.4667 20.4667 2.87283
20.2855 20.1145 2.95199
20.4667 20.419 2.81629
20.5255 19.4254 2.87283
20.4667 20.4667 2.95226
18.5454 20.4667 2.84749
20.4667 20.4667 2.91533
20.4667 20.4667 2.73641
20.4667 20.4667 2.77546
20.4667 20.4667 2.87924
20.4667 20.4667 2.95226
20.4667 18.4116 3.11507
20.4667 19.8721 2.35364
20.4667 20.4667 2.95226
20.4667 20.4346 3.037
20.4667 20.3028 2.82325
20.4667 20.4667 2.95226
20.4667 19.7052 2.48603
20.4667 20.4667 2.89787
20.4667 20.4667 2.87924
20.4663 20.4667 2.89787
20.4667 16.0228 2.89787
20.4667 18.1806 2.23271
20.4667 20.4943 2.87924
20.4667 20.1454 2.74386
20.4667 18.2545 2.87819
20.4667 20.342 2.95226
20.4667 20.4667 2.67345
20.4667 20.4667 2.95226
20.4667 20.4667 3.18444
20.4667 20.4667 2.95226
20.4667 20.4667 2.87924
20.4667 20.4667 2.8261
20.4667 20.0367 2.52912
20.4663 20.3623 2.56604
19.3941 18.2085 2.79559
20.4667 20.1996 2.87924
20.4667 20.4667 3.07731
20.4667 20.4264 2.8283
20.4667 20.0613 2.43945
20.4667 20.4667 2.8261
20.4667 19.7277 2.68457
20.4667 20.4663 2.82325
20.4667 20.4667 2.74386
20.4667 20.3724 2.56604
20.3964 20.4667 2.7655
19.7036 19.588 2.50106
20.4667 18.443 2.82325
20.4667 20.4667 2.7448
20.4667 20.441 3.00357
20.4667 20.4667 2.87924
20.4667 20.4667 2.95226
20.1034 19.4729 2.8261
20.4667 14.9002 2.70844
20.4667 20.4667 2.82325
20.4667 20.4338 2.65019
20.4667 19.7303 2.81905
20.4667 16.3875 2.73786
20.4667 18.9557 2.85519
15.8534 20.4667 2.95226
20.4667 20.4667 3.12924
20.4667 20.4667 2.87924
20.1377 20.4667 2.87283
20.4667 20.4667 2.95226
20.4667 14.9002 2.79559
20.4667 20.4667 2.85463
20.4667 20.2303 2.87924
19.6502 20.4395 2.87924
20.4667 20.4445 2.54004
20.4667 20.4667 2.95226
20.4667 20.2576 2.8261
20.4667 19.4176 2.65019
19.4349 8.70345 2.74386
20.4667 20.4667 2.87283
20.4667 20.4667 2.92243
20.4667 20.4568 2.87924
20.4667 20.4568 2.87924
19.8574 20.4667 2.95226
20.4667 20.4667 3.36409
20.4667 3.39721 2.65019
20.4667 20.4667 2.79559
20.4667 20.4667 2.87924
4.16455 14.7771 2.65019
20.4667 19.7959 2.79559
20.4667 20.4395 2.87924
20.4667 20.4665 2.79559
20.0266 20.4557 2.4699
20.4667 20.4061 3.05071
20.4667 20.4667 2.74386
20.4667 20.4667 2.99636
20.4667 20.4667 2.65019
20.4667 20.4706 2.65019
20.4667 20.4667 2.87924
20.4667 20.4667 2.95226
20.4667 20.4667 2.8261
20.4667 20.4663 2.89787
20.4667 20.4354 2.90696
20.4667 20.4667 2.56604
20.4667 20.2652 3.09222
20.4667 20.4667 2.84056
20.4667 20.4667 2.95226
18.4494 20.1597 3.1181
20.4667 20.4667 2.90868
20.4667 20.4667 2.87924
20.4667 14.8246 2.55644
20.4667 20.0255 2.65019
4.03431 20.4818 2.74386
20.4667 20.3542 2.76266
20.4469 7.58424 2.49098
20.4667 20.4667 2.95226
20.4667 14.874 2.56604
20.4667 20.4708 2.65019
20.4667 20.4667 2.95226
19.8284 14.9275 2.59384
20.4666 20.4667 3.23881
20.4667 20.4667 2.95226
20.4667 20.4667 2.95226
20.55 20.4667 2.95226
20.4667 20.0723 2.74386
20.4667 20.4372 2.48603
20.4667 20.1702 2.89787
20.4667 20.2741 2.51151
20.4621 14.7277 2.39132
20.4667 18.2054 2.9767
20.4667 15.4109 2.95226
14.7506 18.2016 2.65019
20.4667 20.4667 2.95226
20.4667 20.2797 2.73641
20.4667 20.4667 2.95226
20.4667 20.4667 2.95226
20.4667 20.4667 2.87924
20.4667 20.4667 2.8261
20.4667 20.4268 2.65019
19.6027 15.5298 2.87771
20.4667 20.4667 2.95226
20.4667 20.4667 2.95226
20.4667 20.4663 2.62364
20.4667 20.4273 2.65019
20.4667 20.4044 2.55644
20.4667 20.0515 2.95226
20.4667 19.6286 2.89787
20.4667 18.432 2.28257
20.4667 20.4667 2.95226
20.4667 20.4828 2.87924
20.4667 20.4667 2.95226
20.4667 20.0402 2.59384
18.5358 18.2853 2.37989
20.4667 20.2848 3.20752
20.4667 20.4667 2.95226
20.4667 20.4667 2.89639
20.4667 20.4051 2.95226
20.4667 20.4439 2.60994
20.4667 4.26496 2.39132
20.4667 20.4667 2.87283
20.4667 20.4667 2.95226
20.4667 20.4667 2.95226
20.4667 19.7162 2.95226
20.4667 18.0187 2.70844
20.4667 19.7276 2.82325
20.4667 5.42918 2.7655
20.4667 20.4667 2.85463
20.0669 20.4667 2.7682
20.388 20.4667 2.73641
20.4667 20.4667 2.74386
20.4667 20.4667 2.83452
20.4667 20.4667 2.87924
20.4667 15.5429 2.85519
20.4667 20.4667 2.86178
20.4667 20.4667 3.20752
20.4667 20.4667 2.74386
20.4667 20.4667 2.95226
20.4667 20.4667 2.74386
20.4667 20.4667 2.74386
20.4667 20.4667 2.87924
20.4667 20.1434 2.79163
20.4667 20.4667 2.65019
4.86441 19.0786 2.31281
20.4667 3.38836 2.79559
20.4667 20.4667 2.8261
20.4245 20.4828 2.95226
20.4667 19.5935 2.8261
20.4667 20.4667 2.95226
20.4667 20.2283 2.9857
20.4667 20.4667 2.87924
20.4667 20.0613 2.89787
20.4667 20.4667 2.90868
20.4667 20.4667 2.87924
20.4667 15.673 2.52938
20.4667 20.4667 2.87924
19.612 20.4667 3.23881
20.4667 20.4667 2.85463
20.4667 20.3215 2.8261
20.4667 20.2753 2.87924
20.4667 20.4667 2.84749
20.4667 20.3307 2.73786
20.4667 20.4667 2.87924
20.4667 20.4667 2.95226
20.4667 20.4667 2.87924
20.4667 20.4667 2.95226
4.60894 20.4667 2.87924
20.4667 15.543 2.87924
20.4667 20.4667 2.95226
20.4667 20.0371 2.74386
20.4667 18.1787 2.79559
20.4667 20.4667 2.95226
20.4667 20.4667 2.95226
20.4667 20.285 2.8261
CASE 1000
10.2074 4.46812 2.2022
3.82726 3.8722 2.20892
7.05137 3.07696 2.07732
8.34119 3.02022 1.91717
14.8555 3.92438 3.22766
4.86665 3.07629 1.58434
3.19258 3.69856 2.53425
3.97775 2.95555 2.46742
3.16968 3.09445 2.43792
7.47792 3.17509 2.13043
4.00451 3.88554 2.26393
6.79708 14.8285 2.76675
3.67058 4.44777 2.23891
8.38091 15.1704 2.29752
18.477 14.6798 2.30167
14.8806 14.8023 2.61147
3.70394 3.80482 2.52912
9.61278 3.00136 2.90453
9.11641 3.00151 2.01216
3.93833 5.6348 2.09179
2.929 14.6716 2.14601
14.6794 14.6752 2.46665
5.0161 6.78046 2.14691
14.8489 14.6761 2.25302
15.6092 14.8624 2.63713
14.9704 14.8535 2.4536
2.67604 4.61132 2.88528
3.73459 3.83513 2.6289
3.73401 4.09288 2.60661
8.27408 2.06753 1.97424
14.771 2.33922 2.53621
3.50272 5.00952 2.3443
14.8617 2.87189 2.3577
3.57 3.13397 2.33464
3.05148 2.66803 2.43113
3.44163 3.23763 2.38779
5.32624 3.77502 2.73005
5.83845 14.7012 2.0797
2.88148 3.4735 2.48873
10.1257 2.98477 2.1308
3.07375 3.43479 2.24097
3.78534 3.19924 2.26143
4.83795 3.45122 3.10898
3.75854 4.15255 1.79102
6.63494 14.8226 2.16026
3.00124 3.45167 3.18669
14.7413 4.11977 2.21306
12.3039 3.13366 2.47496
14.5913 3.46459 2.42441
14.1356 3.15368 2.51981
11.5836 3.45802 2.81185
4.03435 3.00776 2.79906
3.75143 3.69766 2.30693
6.56395 3.54238 1.94624
14.8015 14.6682 2.71878
1.96654 2.89725 2.66009
3.7509 3.57651 2.1657
3.77392 3.46437 1.96246
2.92246 3.5521 2.19584
3.24151 3.14636 2.02588
3.88106 14.6743 2.3528
3.79067 4.03436 2.71477
5.95424 14.7755 2.63814
3.48713 3.08019 1.97716
8.11415 2.8722 2.16369
3.49108 14.7356 2.89807
3.29015 4.7361 3.10564
7.29199 2.97299 2.0994
9.52209 3.55242 1.99471
14.6368 2.35783 2.39245
2.12379 3.48045 2.29616
2.16167 3.70601 2.52008
3.74649 4.79602 1.99677
14.8492 2.92177 2.06085
6.35854 6.25775 3.25825
3.4185 3.09255 2.41334
3.38813 5.33126 2.05858
3.65569 5.65059 2.26183
15.2541 3.54682 2.24488
3.83032 6.89807 2.08753
16.4973 3.18596 2.73877
3.34112 5.34929 2.33498
14.6511 5.31727 2.47137
9.0862 4.3659 2.14432
3.67092 5.17002 1.75836
14.9376 3.4586 2.21129
2.37247 14.6707 2.49906
15.7384 3.29951 2.98015
3.08295 3.76612 3.16871
3.70979 3.48126 2.10567
19.946 14.8562 2.85188
3.97059 6.88801 2.16028
7.13077 3.7839 2.51073
2.44926 7.41838 2.32342
3.21845 3.84945 2.92085
14.7999 2.96019 2.7202
14.8519 4.20733 3.22149
7.13077 5.21218 2.85555
6.5679 4.03435 2.93502
3.75705 3.20927 2.32097
17.2772 3.14736 2.17151
3.416 3.40819 2.61101
2.91179 2.98045 2.7175
3.71843 3.01487 2.41536
3.02122 3.20629 2.38234
2.95479 3.14914 2.58501
14.7664 14.7194 2.52501
2.97366 3.34068 2.31393
2.77307 3.71576 2.48754
4.03436 3.95862 2.15214
3.65326 3.56647 2.45509
14.7594 2.94282 2.15773
3.39237 5.94377 3.22744
9.11639 8.15221 2.60884
14.6729 2.71694 2.07451
3.93457 6.39604 2.49466
14.7357 5.89004 2.42471
3.48707 4.95309 1.97455
3.1135 3.36128 2.58334
14.6712 3.2746 2.08173
3.16798 3.36209 2.1288
2.76692 3.59506 2.38029
7.15234 14.8203 2.42395
1.80643 3.51271 2.02968
3.56293 3.29941 2.1459
3.77979 3.66424 1.71996
7.29738 3.13164 2.36198
15.0483 14.6808 2.45894
15.7792 2.63033 2.98857
3.83773 2.84711 1.92063
6.41315 3.07013 2.26668
14.845 14.705 3.19484
3.95383 3.76408 2.52747
4.63219 2.77218 2.18773
3.15548 3.81871 2.47395
9.63105 2.7082 1.4796
3.95655 4.52139 1.77106
6.30742 3.15357 2.5752
4.03435 2.9176 1.7879
9.71415 6.75408 2.49557
2.96856 14.6141 2.30184
8.97931 2.79802 1.98741
1.36792 1.47713 2.32215
14.7704 3.24459 2.53127
6.03492 14.7 2.11568
4.02493 3.88038 2.29561
3.52427 14.6663 2.20637
2.8636 3.58205 2.68199
7.71971 2.89484 2.0423
3.09008 3.7238 2.1674
4.42791 4.38072 2.82322
3.53367 2.85327 2.01943
11.9816 3.52153 2.0683
4.03436 14.7524 2.47478
15.3496 14.7315 2.11352
3.71965 4.27139 2.82555
3.02326 3.32973 2.61206
14.6576 3.3358 2.48595
8.09338 3.53672 1.906
5.33451 3.12659 2.45307
14.8427 14.6544 2.07401
4.82549 3.39595 2.17849
3.89591 15.041 2.39001
15.5861 3.31356 2.64067
3.81611 2.73408 3.1335
4.03436 3.03873 2.07964
13.3268 6.10814 2.0339
3.60169 2.539 2.76165
6.23767 3.54548 2.65282
9.63105 14.784 2.66644
3.17146 3.58414 2.20508
3.6903 3.23431 2.14095
2.50232 2.95802 2.14337
3.36647 2.39021 2.34994
15.3882 1.53496 2.91772
14.9805 15.2212 2.56136
3.57295 3.66494 2.97921
2.71721 3.65653 2.28018
3.89847 3.92178 2.3519
6.41315 3.04535 2.70117
15.3598 14.9274 2.60271
3.40009 2.99945 2.2689
3.48531 14.6773 2.43725
2.75047 4.51146 1.97778
1.53314 1.96525 1.96714
3.19064 4.95393 2.21444
3.00825 6.13954 2.71208
3.67256 3.50457 2.28681
3.91633 14.7828 2.3646
5.56203 3.33539 2.76315
3.92368 3.71552 2.68575
14.6904 3.70367 2.53327
14.6364 3.41632 2.22509
5.26629 3.06712 2.28545
4.64175 3.3015 2.15463
15.2633 3.50926 2.62295
3.27974 4.71308 2.24188
16.5911 3.20738 2.15323
3.45838 3.13984 2.76943
20.2784 3.38922 2.44231
5.30242 3.09457 2.25872
14.792 14.7495 2.10908
1.54654 3.91165 2.29012
14.648 3.08019 2.62012
3.05186 4.53004 2.08893
3.51764 3.09352 2.39852
9.24526 14.7701 2.25441
14.8133 2.66174 2.36577
3.38175 6.2557 2.31348
14.8599 3.33511 2.44339
3.42766 2.83263 2.18347
3.70008 3.17591 2.14246
14.8413 5.73867 2.46574
8.78607 14.6522 2.22714
4.03436 7.2102 2.14506
7.43734 4.24662 2.42249
4.07081 3.52992 2.08857
14.5913 4.8632 2.31273
3.83038 3.36007 2.22848
3.01338 2.35188 2.59752
14.718 3.24524 2.23069
14.6646 15.1076 2.32048
4.65654 3.77119 2.24135
7.07408 3.29595 2.11039
14.6502 3.04308 2.86132
3.80489 14.7262 2.52227
12.7715 4.10275 2.27111
14.4752 2.00827 1.89031
14.8522 5.72014 2.04526
3.3633 3.17126 2.20423
2.87582 2.78563 2.23045
17.5321 8.30526 2.17974
6.57581 4.76763 2.25641
3.17568 3.40821 2.34664
4.03502 3.45441 2.8295
10.5326 5.89151 2.32972
3.74536 3.66957 2.818
14.6612 1.98735 2.53621
6.64972 4.64235 2.02158
14.6997 9.87159 1.95937
3.82482 14.6485 2.23708
6.2896 3.2226 2.44423
4.10527 14.6311 1.97712
2.54689 3.96591 2.43157
3.39045 3.93692 2.39024
3.91818 14.7088 2.27767
2.95022 14.6794 1.98073
14.7263 3.58516 2.34697
4.00371 3.25715 2.9294
4.0001 14.6701 2.47131
14.7474 3.18041 2.2147
10.3915 4.98438 2.20467
8.52324 6.49253 2.17035
20.4541 6.20802 2.2188
4.2975 3.28381 2.94082
5.55362 17.4511 2.44984
2.97753 14.8878 2.46744
4.49347 14.8774 2.98154
3.82459 14.8401 2.79244
1.28817 2.83332 2.38172
3.4142 14.738 2.76064
3.90059 2.82779 2.06776
2.88716 4.40743 1.83452
5.68795 3.33976 2.07307
14.8132 14.7792 2.99501
5.27543 3.16636 2.19575
3.00868 14.8578 2.27197
15.0659 2.95607 1.9836
17.9885 4.71588 2.15054
14.8681 3.22528 2.59864
3.50526 7.48867 2.14359
2.27213 2.89407 2.63083
15.1423 14.8742 2.37466
4.00484 3.66049 2.76817
6.74178 2.91805 2.09218
2.71719 15.0843 2.14024
4.02484 14.6697 3.01225
14.8468 4.46195 1.95293
14.736 3.56141 2.29706
3.9357 8.28635 2.08428
15.011 14.8093 2.16076
3.56559 3.25327 2.71709
4.68142 14.75 3.03352
5.791 4.06536 2.3067
14.7243 14.7344 2.57265
3.81949 2.84049 2.25248
13.3017 3.5943 2.49615
3.27941 14.6872 2.07717
16.2173 3.4964 2.29652
3.3692 4.87076 2.25995
20.4667 3.70716 1.94069
3.89855 3.55243 2.74563
3.32111 3.06228 2.09067
2.74376 3.88913 2.49084
3.80376 14.7667 2.38337
5.45089 4.10474 2.48507
3.81962 3.4583 2.28496
4.19776 5.64135 2.18577
3.33919 14.799 2.57859
2.21323 2.92192 2.61451
13.1066 3.54405 2.25415
CASE 10000
2.67738 2.81412 1.70937
3.12071 3.04332 1.57258
2.49564 1.35212 1.43018
2.64683 1.06388 1.35022
3.42686 2.9257 1.37187
2.4218 0.898609 1.3381
3.40873 2.6711 1.46725
2.60935 1.92079 1.21563
2.70553 3.05414 1.49412
3.59607 1.02069 1.317
2.18724 0.802849 1.23314
2.35043 2.71461 1.25059
3.84719 0.791893 1.43997
2.79395 2.68187 1.60837
1.3907 0.975672 1.36858
2.02927 0.617268 1.51306
2.29276 2.99232 2.22452
2.21915 2.80286 1.19909
3.40199 2.82301 1.42096
7.23797 2.38834 1.25545
2.80404 2.73103 1.5347
1.01387 3.10759 1.24841
2.11822 2.69853 1.18009
3.58682 2.28362 1.40937
0.550263 1.70358 1.62702
2.36725 3.02784 2.02288
3.00375 2.04936 1.69468
1.14459 1.46344 1.37109
4.85734 3.10484 2.25335
2.86455 1.67741 1.34412
3.47149 2.71014 1.35363
3.58497 1.85722 1.65074
2.37125 2.75086 1.6404
0.849137 1.07696 1.42362
2.15565 3.58296 1.39358
3.05979 1.04442 1.90839
5.14324 3.20722 1.19314
2.96914 1.85473 1.31525
3.5066 0.675179 1.48482
2.7313 2.40271 1.6672
2.86496 2.66479 1.69798
2.81575 2.95156 1.2613
3.37426 0.94814 1.67707
3.74909 2.75161 1.81064
3.58211 2.89611 1.52397
3.78256 2.98776 1.47606
2.69764 3.39691 1.49052
0.946265 2.72787 1.23861
1.08789 4.03106 1.96686
2.64337 2.71155 1.67874
1.32319 1.32553 1.47535
9.60275 2.01908 1.82514
1.72285 2.65855 1.38323
3.62853 1.26255 0.969001
3.599 2.68711 1.24788
2.85308 1.07351 1.55265
4.30992 3.1591 1.37932
1.27446 2.72992 1.23199
6.14761 2.19879 1.62016
4.99422 3.00925 1.14685
3.70431 1.56147 1.26429
3.24236 2.20747 1.07233
4.01863 2.62788 1.80897
2.81576 1.08827 1.28358
3.09147 2.78815 2.73908
0.82927 2.63707 1.43501
1.17492 1.98549 1.38546
9.21967 0.851797 1.53337
3.09569 2.71335 1.55563
3.28701 1.30273 1.52416
1.19537 2.65797 2.70498
3.3949 2.66758 1.72356
3.99468 3.20081 1.3612
3.01292 0.708574 1.21828
3.06023 2.74745 1.51042
3.52058 2.63782 1.34554
2.26505 2.25116 1.45545
3.11159 1.69193 1.30876
2.9332 2.73818 1.64802
1.41834 3.06305 2.23099
1.9825 0.795602 1.29284
3.04234 2.32729 1.32011
2.21242 1.58476 1.25699
1.41369 2.85239 1.62584
2.64375 0.938197 1.65849
4.48178 3.29296 1.46343
3.36968 4.29177 1.68789
4.2552 2.64606 1.31748
1.2321 2.64609 1.75218
1.67641 2.66747 1.2891
2.78181 1.35751 1.21264
3.11435 2.52636 1.43856
1.93906 0.791523 2.0024
0.883032 2.84841 1.07188
2.70531 2.66281 2.75516
2.54561 2.75099 1.4013
1.84045 2.40286 1.33418
3.16164 2.72207 1.51426
3.05656 2.70738 1.3377
1.98485 1.74007 1.298
1.03788 1.74959 1.52875
2.63624 3.00682 1.81602
2.9407 1.88866 1.16716
2.43658 1.8692 1.70883
0.713629 0.877242 1.62869
1.39209 3.40056 1.63573
2.70297 2.75618 1.45601
2.07617 0.833734 1.61792
4.52174 2.72225 2.28707
1.00796 1.67997 1.33503
3.27344 2.73532 1.21463
3.23405 2.657 1.26058
7.34515 2.8121 1.74225
3.44096 2.59827 1.66662
2.71111 3.50625 1.40193
2.7176 1.48612 1.91781
2.31407 1.22811 1.33386
2.42803 1.03371 1.27673
3.35275 14.6082 1.31487
2.69334 2.70603 1.38006
1.07453 1.80179 1.18011
3.22008 3.06874 1.36777
2.798 0.922967 1.36878
1.11539 1.929 1.58426
8.77139 2.74826 1.26243
1.99906 3.34927 1.44099
3.45428 3.17124 1.50206
2.31921 2.75248 1.28736
1.98423 1.91142 1.21717
2.97869 2.85263 1.73994
3.85988 0.789518 1.63752
3.1543 2.73896 2.84293
1.90306 2.37111 1.58121
2.47034 1.68343 1.43382
0.897421 0.65708 1.35575
1.3534 1.36755 1.45855
1.52964 1.30381 1.46231
2.99827 2.36865 1.48459
1.66216 1.35427 1.28298
3.39275 3.61513 1.34142
2.76127 2.74108 1.71217
2.47707 1.86204 1.30701
13.3931 2.99763 1.74377
3.08182 2.82012 1.94277
1.01993 1.07487 1.56755
2.38377 2.9591 1.23665
11.3521 1.42655 1.84054
3.07715 3.20524 1.66085
3.33293 2.79839 1.65658
2.67039 2.65213 1.46387
2.75223 2.26536 1.34634
3.13299 1.3241 1.4445
2.19832 2.94821 1.64234
0.78143 3.02283 1.5847
2.68148 0.793324 1.36929
2.62445 2.93828 1.27609
2.69808 2.54728 1.57758
3.26093 0.74434 1.78889
1.49805 0.68765 1.42187
9.54688 2.94185 1.16819
2.78961 1.16486 1.33768
2.53976 2.77951 1.38557
3.11299 3.26966 1.0389
2.11553 3.51692 1.63888
3.19796 0.543651 1.64563
3.47082 1.28264 1.03926
9.15417 3.36938 1.48428
2.93368 2.62909 1.24432
1.60023 1.48915 2.2928
2.03306 0.661227 1.38955
3.17175 0.852771 1.33031
7.4228 1.45879 1.87023
2.82075 2.68807 1.44409
3.31291 3.03905 1.4532
3.49482 1.44455 1.69961
2.787 2.16124 1.74963
3.02097 2.70312 1.74579
0.840384 1.26664 0.912759
1.3787 1.43467 1.52853
1.97862 2.80789 1.72233
3.12022 3.14458 1.56174
2.30805 2.66318 1.71566
2.90038 2.34283 1.36707
1.72246 2.70275 1.27602
4.12084 3.436 1.66028
2.53394 1.80158 1.3762
2.66094 0.57378 1.98315
6.71488 2.92468 1.66052
0.885873 2.8594 1.46134
2.70059 2.75609 1.27629
1.86804 2.81359 1.4896
2.71613 3.12923 1.57154
2.91248 0.907429 1.29287
2.69327 3.01009 1.54169
1.63955 2.76023 1.32658
2.90799 1.4818 1.62169
0.949453 1.99376 2.69149
2.48598 2.78714 1.37639
3.05454 2.65189 1.52582
2.11447 2.4204 1.54943
2.80129 1.33193 1.57316
3.46419 4.26405 1.56082
3.1826 2.24621 1.10236
8.2256 1.73834 1.68553
2.13146 1.03132 1.27182
0.842243 1.25873 1.65168
1.92086 0.851804 1.50686
8.25622 2.79048 1.8557
4.64098 2.77913 1.2631
3.94296 2.15079 1.50496
1.74343 1.17757 1.56978
1.30851 3.09281 1.39684
0.678169 1.08991 1.33241
0.985991 1.40189 1.4861
1.13907 0.781401 1.61865
3.46507 0.799034 1.88091
2.73208 2.73953 2.05734
1.1979 2.74129 1.76077
3.92565 0.844108 1.6431
4.08143 1.8517 1.33649
2.83373 1.97698 1.93454
3.03994 2.8844 1.62307
0.894866 0.922448 1.35298
1.10001 1.86762 1.57558
3.35628 2.71488 1.83972
2.75186 1.60636 1.57613
2.71091 2.7934 1.38629
2.12761 2.89019 2.7266
1.85688 0.998095 1.3005
0.72859 2.69467 1.43022
3.72293 2.13845 1.40245
3.50544 2.88653 1.86322
3.36251 1.13811 1.55173
0.564431 2.82937 1.639
3.67104 2.77009 1.28395
2.89246 2.66248 1.27745
0.979196 2.76832 1.25346
2.46707 3.62779 1.5087
2.99636 2.82591 1.66206
4.85796 2.66897 1.33988
3.30001 1.94851 1.00007
3.35673 0.837521 1.21554
2.97016 1.56728 1.18338
2.18977 2.84509 1.26174
1.07597 2.0786 1.56558
3.26629 2.94887 1.46267
4.15584 1.97335 1.68719
3.15209 2.56308 1.6444
1.08658 2.69549 1.14251
1.80561 2.88244 1.36311
2.78899 2.72727 2.63743
2.79631 3.05251 1.26405
2.64205 3.2481 1.3379
3.15731 2.26519 1.27286
2.6594 0.752052 1.49215
0.979254 3.10138 1.90892
2.69694 1.47257 1.32448
3.30719 2.9605 1.28041
3.65488 2.89818 1.12038
3.305 2.21956 1.31324
5.88247 1.4959 1.17535
2.88523 0.673601 1.7208
1.55043 2.83365 1.37369
3.3089 2.72375 1.56493
1.8965 2.64828 1.26878
4.33448 2.12622 1.4393
3.41202 2.07447 1.34677
2.53296 4.173 1.44514
3.53695 1.39527 1.44478
2.92998 3.09921 1.46141
3.41807 2.82084 1.25713
2.26713 1.01799 1.39993
2.3026 0.8752 1.43543
2.55282 1.07203 1.4553
3.01805 2.17639 1.19243
2.74229 1.52853 1.01905
3.50874 3.35538 1.11694
2.97863 2.7737 1.35035
4.68388 1.20923 1.29258
4.56339 2.65681 1.40236
3.35268 1.46669 1.45291
4.93754 2.33304 1.45566
1.77357 1.57309 1.36505
2.9694 4.57906 1.58009
2.70478 2.85214 1.43649
6.1237 2.67221 1.56825
0.758757 0.784326 1.13926
2.75317 0.948427 1.31387
2.86311 1.71467 1.97132
3.40684 2.40257 1.19102
3.05951 2.70556 1.51339
9.61374 0.977063 1.53629
3.20768 2.73568 1.48383
1.22084 1.37165 1.85313
2.61498 1.01389 1.39206
3.38836 3.43947 1.87213
3.0241 2.72322 2.85852
1.96101 1.40641 1.64064
2.78226 1.17033 1.64548
0.858606 2.71117 1.97653
4.38898 2.73821 1.4638
CASE 100000
1.56417 1.51466 0.58691
0.762377 1.34065 0.598642
0.236076 0.330536 1.15826
0.567518 0.521893 1.61318
1.40745 1.03491 0.61745
0.733202 1.32843 0.458302
1.01965 0.617818 1.07866
1.7388 0.280152 1.13189
0.833082 0.640889 0.378532
0.810774 2.06819 0.514106
0.7622 0.660755 2.63096
1.57853 1.11699 0.72469
0.31935 0.335409 0.671402
1.78455 0.672855 0.489042
1.38591 0.45606 2.62437
0.767683 0.886615 0.619836
0.568112 0.748184 0.620058
0.984901 0.499958 1.05253
2.52316 0.397789 0.499257
0.510167 0.466235 0.73251
0.561106 0.995677 0.690173
1.2633 0.853634 1.11764
1.63464 0.74272 1.27321
0.746383 0.457895 1.10524
1.72401 1.80123 1.11573
0.884518 1.54984 0.406045
1.79381 0.574035 0.311996
0.63733 0.523006 1.13414
0.709368 0.727971 1.17602
1.02151 0.502326 1.08649
1.33942 0.521682 0.322176
0.899615 0.890473 0.639875
1.81458 1.05129 1.18486
1.52165 0.765176 2.62064
1.64008 0.525161 0.42438
1.72513 0.495373 2.62237
0.497291 0.473527 0.489077
1.86309 1.59043 0.545609
1.41862 0.482125 0.334148
0.46569 2.27862 1.06978
1.76923 1.93248 0.484164
1.19164 2.18804 0.769468
1.52152 1.41349 1.074
1.81182 0.789937 0.383966
2.20325 1.43894 1.11822
0.630649 0.434514 0.481171
2.08644 1.15902 0.633212
1.1168 0.448554 1.22349
2.53189 0.584068 0.419037
0.582876 0.611794 1.04748
0.963792 0.914999 0.388909
0.523679 0.788225 0.509324
1.12581 0.771158 0.798347
0.88999 0.58052 0.646518
1.12941 0.675664 0.510117
0.746968 0.63377 0.705757
1.1411 0.576887 1.12026
0.653047 0.359928 0.603157
0.286425 1.25888 0.250459
1.13051 1.01117 0.573182
0.589755 0.499579 0.684487
0.452629 1.23884 1.18798
2.58924 0.87099 0.638273
0.88185 0.98888 0.723015
0.592911 0.955823 1.06707
0.68186 1.91788 1.09757
2.62011 1.07738 0.502512
0.700209 1.68813 0.584206
2.9309 0.925732 0.408067
1.33438 1.35032 0.679013
0.307287 1.3595 0.722679
0.633985 0.500136 1.28004
2.39005 1.00045 0.651459
2.20194 0.497913 1.04219
1.14525 1.36572 2.63217
1.24358 1.52507 0.493694
0.518049 0.314352 1.16386
1.42991 1.12806 0.873153
1.0883 0.599461 0.464905
0.77997 0.539722 0.415788
1.64659 1.14388 1.20381
0.682357 0.481397 0.651697
0.691054 1.45069 0.680867
0.493221 0.532357 0.644875
0.75486 0.751007 0.628953
1.35755 0.578027 0.356452
2.15959 0.571004 0.441234
1.51825 1.16538 0.746138
0.553533 0.379708 0.848289
1.84103 2.0289 0.77501
2.5068 1.20057 1.0846
2.08095 0.347725 1.08748
1.99788 1.1322 1.11331
1.65973 0.597945 1.29211
0.740422 1.23791 1.19112
0.840209 0.906806 0.669259
1.02574 0.743747 0.361155
2.13143 0.787801 1.04504
1.20394 0.911064 1.13702
2.15939 0.852084 1.06645
0.983619 0.727102 0.430688
1.22284 0.500705 0.30459
1.49056 0.545783 0.662872
1.67008 0.534286 1.09464
1.06327 1.95117 1.22739
0.779638 0.42181 1.23745
0.914176 1.97577 1.07982
1.5483 0.45885 0.732517
1.19193 1.21805 1.13906
1.85199 0.55531 0.359858
0.391523 1.5796 0.699181
1.30156 0.390358 0.249817
2.19468 0.867615 0.420283
0.37289 0.924903 1.35221
0.423205 0.336231 0.298855
2.18366 0.555381 1.10205
0.703209 0.614737 0.85576
0.651074 1.13518 0.223846
0.8959 1.11045 0.300497
1.10577 1.05412 1.08375
2.91512 1.06416 1.19184
2.20236 0.323566 0.563773
0.90976 0.332122 0.677724
1.69524 0.53407 0.643784
0.445706 0.350407 0.671997
0.4691 0.560125 0.34347
0.79351 0.26957 0.839824
0.487379 1.19621 0.874887
1.11705 0.602225 1.26071
1.95067 0.858914 1.12573
0.860178 1.08897 0.712247
1.62052 0.659541 0.711185
0.510905 0.505042 1.19084
1.36658 1.72893 1.1569
0.966346 0.687474 0.27818
1.2434 1.45858 0.432374
0.590302 0.666629 1.12891
2.10982 0.271633 1.19804
0.694555 0.451702 0.697911
0.767415 1.88845 0.624229
1.16626 1.02608 1.8936
1.59663 0.865108 1.11859
0.92138 0.920054 0.371515
0.663701 0.551332 0.267775
0.508792 0.7122 1.12233
2.10114 1.05567 0.500076
1.55574 1.03706 1.61784
0.83426 1.1884 1.14151
1.93252 0.710547 0.580803
1.16547 0.938819 1.09249
1.35259 0.958623 0.701661
0.278622 1.21165 1.0772
2.0762 1.85941 1.3182
1.66211 1.39641 0.702076
0.602597 1.27788 1.02569
1.80766 0.733912 1.12379
0.869855 1.0636 0.652815
0.721811 1.01378 1.1921
1.21385 0.960919 1.99012
0.448713 1.29725 0.389754
1.65048 0.569343 1.15236
2.02987 1.09938 1.08044
1.62561 1.30621 1.16619
1.20429 0.931927 0.672799
0.907714 1.02402 0.587355
0.500676 0.758231 0.601312
2.16431 0.4415 1.08903
0.740202 1.25863 0.698338
1.6708 0.308809 0.484591
3.14538 0.583799 0.606124
1.01634 0.273242 0.811963
0.411533 0.915214 0.627595
1.57164 0.36802 1.08973
0.559602 0.889753 0.460015
0.423975 0.54379 0.681082
1.55816 0.522895 0.690829
0.987218 0.961373 1.16604
0.437327 0.820103 1.07303
0.485849 0.526828 0.666864
1.8527 1.13396 1.15678
2.09252 1.61545 0.511452
0.491219 0.379876 2.62513
1.93759 0.725574 1.01883
0.913789 0.966855 0.427663
1.46726 1.51863 1.19245
1.82411 0.803369 0.686068
1.6407 0.7024 1.12104
1.9904 0.648124 0.400671
0.678785 0.522753 1.16506
1.20204 1.42872 1.05134
2.501 0.402201 0.36305
0.615056 0.545654 0.717666
0.537127 0.73755 0.559469
1.58304 1.25178 0.447408
0.381098 0.569079 0.641513
0.703696 0.421526 0.661002
1.92323 1.104 0.356604
0.925852 0.41998 0.601981
0.917543 0.416002 1.30096
0.466485 0.331724 0.766257
0.636087 0.552451 0.727548
1.3264 0.700063 1.06022
0.317673 0.695268 0.629399
0.6618 0.579892 0.426961
2.21035 1.30903 1.11401
0.363181 0.607037 0.691714
0.878516 1.53441 1.09112
1.3369 0.424849 1.05383
1.12805 0.437636 1.14496
0.951635 0.783326 0.549273
0.810825 0.828664 0.479579
1.74324 1.33337 0.559792
1.32 0.775191 1.11152
1.36336 0.506571 0.378285
0.506604 0.754307 0.336604
2.15308 0.462001 0.608229
1.41765 0.68972 1.1927
1.4438 0.803291 1.02912
0.988567 0.362238 1.14997
0.295705 0.67598 0.44982
1.59274 1.88903 0.601121
1.71379 0.454758 0.622589
1.30651 0.403167 0.635788
0.580535 0.872388 1.33881
0.851998 0.652922 0.629451
0.527448 0.784663 2.62905
1.07381 0.558079 0.965464
3.68168 0.388697 0.527852
1.20159 1.40443 1.16362
0.250686 1.04182 1.18278
1.04501 0.341776 0.405615
0.321973 0.66141 0.607054
1.14692 0.429145 0.352953
1.21355 0.538205 0.404631
0.807937 1.18118 0.629447
0.466989 0.457453 0.301787
1.45289 1.22261 0.580125
0.402687 1.4748 0.669883
1.0723 1.00773 1.14708
1.76645 0.689265 1.12367
1.07076 0.43871 1.17629
1.22969 0.810036 0.633848
0.575682 0.862753 0.434475
2.33037 0.41534 1.09401
0.511664 0.45911 1.21725
0.987217 1.14875 0.475202
0.412246 0.571584 2.6256
0.11933 0.318024 1.0804
2.10295 0.726656 1.19123
0.384116 0.582629 1.10747
0.639868 0.494641 0.430817
1.01024 0.691373 0.246515
1.55365 0.650232 1.08064
0.563801 1.15743 0.481583
1.36241 0.959128 0.43628
2.56637 0.429406 2.61446
1.67785 0.490065 1.20076
1.4431 1.64032 0.498644
0.37711 0.370634 0.601882
0.385334 1.2984 0.568814
1.59416 1.50806 1.07079
0.884952 0.44334 1.07939
1.05767 1.13476 0.558968
0.433169 0.540953 0.204276
0.448586 0.869809 1.2069
1.93998 0.261675 2.62553
1.83367 1.16897 1.1493
0.523466 0.940177 0.713824
1.30506 0.819377 1.16178
0.37205 0.504311 1.18625
1.17155 0.402497 1.07849
1.04616 1.01984 0.554976
1.01124 0.815292 0.320489
0.455155 1.38514 0.628634
0.477759 0.59081 1.16163
0.836335 0.924526 1.12324
1.11055 0.391973 0.460746
1.06319 0.872187 1.13421
0.655543 0.788114 0.645205
2.19505 0.578057 0.67357
0.728486 1.26631 0.670679
1.04227 1.04125 0.710802
2.17975 0.53883 0.691109
0.668174 0.848764 0.570058
1.23397 0.444782 1.16829
1.19185 0.790538 0.553618
1.81909 0.875586 0.597054
0.834325 1.10539 0.489541
2.63235 0.453027 1.11389
0.544337 1.99942 0.208303
1.16021 0.659517 1.06812
0.765761 1.06043 0.629049
1.58637 0.728892 1.17853
0.835 0.618967 0.349358
0.80823 0.614527 0.451117
1.50484 0.509915 1.12606
0.552543 1.34814 1.09605
1.06089 0.827516 1.2624
0.629038 0.822003 0.645876
1.07988 0.290552 0.636915
0.629048 0.6204 0.491383
CASE 0
