CASE 100
21.9081 21.9081 0.791524
21.9967 21.9967 0.824573
21.0088 20.9961 1.65083
21.8086 21.8234 1.10985
21.4195 21.4195 1.28149
22.4005 22.4005 0.961519
21.9793 21.9793 0.975
21.872 21.8489 0.924539
22.1909 22.1909 1.12147
21.9743 21.9743 0.699364
22.2504 22.2504 1.02574
21.1333 21.1084 1.74832
21.4164 21.4164 1.5686
22.2514 22.2514 0.821902
19.2748 19.2748 4.18463
22.1074 22.1074 0.722039
22.1422 21.5276 1.19446
22.0943 22.0943 0.992039
22.2293 22.2293 0.629113
21.3059 21.3059 1.3647
20.8906 20.8906 1.31713
21.6141 21.6141 0.484789
21.8319 21.8319 1.12527
22.5887 22.5887 1.13203
22.2033 22.2033 0.739627
22.2796 22.2796 0.812834
21.052 21.052 1.19525
22.2588 22.2588 0.753153
22.1789 22.1789 0.731266
15.2992 20.8952 1.82443
21.9421 21.9421 0.935333
22.5186 22.5186 1.03294
22.3148 22.3148 0.834934
21.4203 21.4203 1.67204
21.4647 21.4647 0.778058
22.0485 22.0524 0.75597
20.1812 20.1812 2.42888
22.5114 22.5114 1.10896
21.2302 20.1055 2.06524
21.0963 21.0963 1.85372
22.0201 22.0201 1.04837
21.0337 21.0337 2.15498
21.3665 21.3665 1.84688
22.1852 22.1852 0.630848
21.8824 21.8824 0.806106
22.5235 22.5235 1.14957
22.344 22.344 0.924381
21.5586 21.5586 1.83724
21.4989 21.4989 1.2817
21.2799 21.2799 1.88174
22.2576 22.2576 0.937688
22.0254 22.0254 0.58956
22.4602 22.4602 0.915282
22.015 22.015 0.532967
21.9144 21.9144 1.15764
21.6363 21.2016 1.3988
22.1274 22.1274 0.593676
21.6833 21.5927 0.964779
21.8508 21.8508 0.586773
21.8756 21.8756 1.1113
21.9238 21.4957 1.09796
22.4824 22.4824 1.15127
21.9364 21.9364 0.965081
21.916 21.7905 1.1396
22.0691 22.0691 1.08629
22.1251 22.1251 0.707562
22.1306 22.0249 0.63304
22.3617 21.7161 0.431987
21.6134 21.6134 1.11617
21.4643 21.4643 1.3743
22.2621 22.2621 0.698324
21.8049 21.8049 0.868468
22.0166 22.0166 0.969764
21.4242 21.4242 1.53169
21.445 18.7962 0.987852
20.8642 20.8642 2.27603
15.707 1.01576 0.688081
22.4452 22.4452 1.06626
21.4197 21.4197 1.62043
22.1555 22.1555 0.848
22.2302 22.2302 0.811982
21.5613 21.5613 0.762913
21.975 21.975 0.861706
20.6544 20.4242 1.70339
21.668 21.668 1.62365
22.4267 22.4267 1.01866
22.3089 22.3089 0.846023
22.4802 22.4802 1.15714
21.7313 21.7313 1.19262
21.6681 19.4136 0.804177
21.8921 21.8921 0.900667
22.1336 22.1336 0.650884
22.2557 22.2557 0.735213
21.7538 20.549 1.81907
21.1624 21.1624 1.23963
22.6216 22.6216 1.354
22.39 22.39 0.946082
21.1272 20.9596 1.78805
20.843 20.843 2.42302
20.5631 21.523 0.438632
CASE 1000
22.3843 22.3843 0.954897
22.4106 22.4106 0.868074
22.6041 22.6041 1.05686
2.6619 1.78637 2.14914
21.3457 21.3457 1.86604
22.376 22.376 0.715742
22.2058 22.2058 0.912502
21.5507 20.4241 2.06195
21.8657 21.8657 1.05777
22.4997 22.4997 0.762684
22.3537 22.3066 0.894644
21.9505 21.9505 0.982422
2.84308 2.84306 2.45456
1.14808 2.30168 0.734392
21.2229 21.2219 1.77494
20.9895 15.6264 1.58912
21.5294 1.76027 0.76662
22.3969 0.359863 0.356707
22.051 19.257 0.727417
20.8391 21.4631 0.724271
22.215 22.215 0.588708
21.2254 21.2254 2.12001
21.9231 21.8125 1.06805
22.2595 22.2595 0.936521
21.5017 20.9256 2.14915
22.5832 19.5694 0.0946678
22.4664 22.4664 1.24399
21.7836 21.7836 0.701737
6.54702 1.55669 1.42131
21.6105 15.4298 1.65527
22.1905 20.8277 0.746124
22.2964 22.2372 0.840645
19.7871 19.454 2.82394
2.81049 2.42994 1.29491
2.9025 4.8619 2.06177
21.779 15.5789 1.0997
21.6288 21.6288 0.958718
21.938 1.94008 1.25747
22.3468 22.3468 1.25562
22.4092 22.4092 0.817911
21.5603 21.5603 1.36199
21.5662 20.349 0.862759
21.5992 21.5992 1.22808
2.27341 21.2926 1.65408
22.1292 22.1292 0.732214
14.7015 14.7453 2.17029
1.89345 15.6464 0.922204
21.7927 21.7927 0.981052
21.7775 21.7775 0.388699
21.3551 21.3551 0.991944
22.1947 0.854366 0.670236
18.6182 20.3039 1.01217
22.2871 15.825 0.571544
22.5337 22.5337 0.245517
22.5445 22.5445 0.595903
21.9675 21.9675 0.988338
22.2052 22.2052 1.23334
21.8858 21.3561 0.949896
15.9066 16.7952 0.857018
22.2122 22.2122 0.834093
21.2734 19.2455 2.24823
21.5999 21.5999 0.743332
21.8536 21.8536 0.635675
1.49226 1.90991 0.92083
21.5147 21.5148 1.41941
21.6443 21.4044 0.830146
21.9374 20.6328 0.703667
22.1937 22.1937 0.949788
22.2505 19.3425 0.796527
21.3168 21.3168 1.43045
20.771 20.771 1.62679
15.6879 15.8457 0.592386
22.3727 20.9565 0.447898
22.3672 22.3672 0.834628
19.5061 0.957998 1.16957
22.1154 22.1154 0.802298
1.71501 1.715 0.935179
22.184 22.184 1.06871
22.2228 15.9296 0.687147
22.1832 19.3131 0.98814
22.0933 22.0933 0.86093
1.97295 1.68811 1.75332
22.5539 22.5539 0.890626
15.2231 2.66642 2.33202
22.5989 22.5579 0.0981423
15.701 19.1503 0.613929
21.0832 1.46449 1.40022
22.2954 22.2954 0.878133
0.80909 0.965311 0.954056
22.5433 22.5433 1.05447
22.3613 22.3613 0.611891
22.0489 15.9658 1.03868
20.8846 3.08036 1.77319
22.0246 1.19482 1.1337
22.3692 22.3692 0.407471
22.0012 22.0012 0.72838
21.9937 15.7029 0.688213
21.9589 21.9589 0.595853
1.81046 1.43661 1.32299
20.293 20.293 2.10438
CASE 10000
0.683148 0.539585 0.53742
3.55622 3.16161 1.60069
0.573354 0.570289 0.566551
0.843809 0.842123 0.904284
1.11722 1.11399 1.11399
22.3637 0.886096 0.738147
1.50472 0.42513 0.378372
0.40136 1.81622 1.09342
22.301 4.47945 0.809191
21.9366 19.094 1.09923
21.9793 19.3634 1.4553
22.6105 22.6105 0.0236238
2.56292 1.47456 1.01145
21.6374 21.6374 0.954416
4.01462 1.90991 1.66239
1.23332 2.56082 1.63144
21.6593 15.4183 1.58127
2.17179 3.01868 0.93308
21.8355 21.8355 1.24031
22.1202 22.1019 0.851315
2.22008 1.57605 1.1904
22.495 22.495 0.365971
1.01905 1.01369 1.07344
0.195306 0.210913 0.23265
22.5284 22.5284 1.07957
1.29936 15.7726 0.989963
2.02425 2.02426 2.02429
20.2238 18.7603 1.04983
22.2562 22.1484 1.0332
21.9055 1.24544 0.621788
2.26971 1.92378 1.20376
1.7794 2.31695 0.853271
2.19221 2.1331 2.19223
2.7998 1.0498 2.28596
22.0758 22.0758 1.21545
0.515511 0.555281 0.500366
22.4377 0.508586 0.508629
1.22178 1.25144 1.25144
2.54124 1.93419 1.77556
15.558 2.77189 1.38449
21.3333 2.08789 1.18445
3.10167 1.42877 1.42877
22.4694 22.4327 0.372774
22.5734 22.5734 0.701815
22.2581 15.7693 0.617481
22.3673 20.9698 0.38439
1.80556 2.22013 2.3237
0.809093 0.571839 0.732546
1.62003 1.50173 1.23361
21.6821 1.98979 1.69994
15.5902 21.2091 1.26242
22.2067 22.2067 0.81742
22.0993 0.90953 0.864819
15.533 1.86434 0.701316
8.88667 1.9663 1.06462
0.950123 0.819641 0.771576
15.6128 1.59246 1.24901
22.6113 22.6113 1.34276
1.05693 0.903803 0.98124
3.58231 1.49737 0.955228
0.760611 0.764116 0.619044
22.531 22.531 0.252491
15.8556 0.369494 0.393699
21.0156 21.5898 1.48436
21.9067 0.925741 0.472964
0.741962 0.741961 0.778307
1.15146 1.20766 1.14939
1.8495 1.75846 1.42621
22.0719 1.08849 1.08822
22.1645 21.8501 1.04487
1.32409 1.2384 1.2384
4.32721 1.18606 1.16559
15.884 1.65524 1.28448
15.321 15.321 1.16966
15.9377 0.676316 0.674524
21.6068 1.69774 1.27589
15.6748 0.816169 0.806089
22.3118 22.3118 0.55554
0.708527 0.775076 0.434174
0.884785 1.35025 1.2808
22.2776 22.2776 0.711264
0.547849 0.438474 0.478016
0.487584 0.512506 0.499437
22.4577 22.4211 0.448654
2.94335 1.09958 1.03012
21.7659 21.7659 1.59927
3.39244 1.71111 1.65486
2.76169 2.64757 1.66297
19.5335 19.5335 0.965167
19.5015 0.275139 0.335681
21.4268 1.21574 0.499125
21.7724 1.41721 0.74395
1.12328 1.18539 1.18539
22.1583 22.1583 0.778209
0.966798 0.966798 1.0226
1.50279 1.7128 1.7064
2.3015 1.97797 1.83846
22.289 0.582377 0.573813
22.1499 1.11998 0.974946
15.3489 1.11044 1.13169
CASE 100000
0.578373 0.523123 0.523307
1.77176 1.68352 0.944701
1.19041 1.12595 1.11771
1.13803 1.00461 1.02336
2.49901 0.787955 0.894517
0.53046 0.586814 0.586814
1.37394 1.82807 1.70815
1.3152 1.101 1.101
3.92646 1.15443 0.682126
1.19403 0.529712 0.754623
0.115297 0.117028 0.11526
1.01516 1.06961 1.03634
2.04086 0.936499 1.00426
1.12144 1.53019 1.26547
15.6522 21.8786 0.92327
1.3727 1.47034 1.32263
0.607372 0.746285 0.931015
4.91681 0.986304 0.857954
21.8686 1.41 1.06152
0.917294 0.862753 0.862753
0.643371 0.643371 0.649367
0.597599 0.35632 0.35632
1.14375 1.11396 0.973645
15.5025 15.5025 1.26135
0.857217 3.32171 1.83976
1.00703 1.229 1.0519
1.55655 2.73397 1.22769
21.9694 0.654913 0.657794
22.5168 0.522986 0.278115
9.34622 0.46316 0.708462
1.2961 1.2155 1.24023
0.848258 1.01185 0.808269
15.816 0.995028 1.15733
22.5625 22.5625 0.122109
0.834949 0.727815 0.594738
22.0335 0.602813 0.885914
5.90147 0.428418 0.428418
0.620809 0.727662 0.717251
1.57779 0.864724 1.38761
22.6151 22.6151 0.678362
4.1804 4.1804 1.79876
1.05828 0.799402 0.799402
1.01759 1.76763 1.06045
1.58213 2.22692 2.2398
0.693144 1.12246 0.687773
2.97215 4.97793 1.56306
0.711747 0.824813 0.744187
1.44211 1.38391 1.24922
0.824855 0.990097 0.796103
0.70393 0.70393 0.650789
2.56408 1.04325 1.05322
2.00987 1.56988 1.94192
0.995757 0.99072 1.0158
22.6255 22.4925 0.00466303
1.11933 0.84849 0.963422
0.719067 0.719067 0.675625
0.496916 0.478962 0.485314
1.35029 1.31375 1.06288
2.11082 1.27114 1.08764
0.0479064 0.0479064 0.0478975
1.58405 1.13081 1.02741
2.58485 2.58485 1.51546
21.1472 0.0816509 0.0816996
22.3963 19.4586 0.506395
0.643231 0.621342 0.626446
15.9497 15.9497 0.72071
0.968006 1.33204 1.38534
0.530929 0.635562 0.595404
1.15921 1.15724 1.34721
22.6086 0.0397136 0.0387524
22.4945 22.4945 0.348778
10.5355 1.62596 1.3925
1.89176 3.04748 1.39272
4.67529 21.5791 1.52931
2.66955 1.11158 1.11391
1.53443 1.22007 0.861745
1.00619 0.945236 0.945236
20.9702 20.9702 1.79325
0.8008 21.9958 0.597699
22.3102 22.0218 0.537575
22.5581 22.5581 0.14685
0.837012 0.747369 0.738074
0.257351 0.227086 0.221195
0.993627 0.353498 0.377285
0.951623 0.64199 0.64199
0.931838 1.42137 1.55541
9.73463 0.923451 0.85548
0.972469 0.334212 0.767882
1.49666 1.49666 1.6145
1.75068 1.65083 1.01168
22.3298 22.3298 0.897506
1.12288 1.12861 1.12861
2.27803 1.66759 1.67503
0.435798 1.05663 1.04366
22.4547 0.361079 0.385293
0.810235 1.27077 1.35904
1.59496 1.15888 0.477863
1.08562 0.824231 0.851134
2.01775 1.72272 1.72272
2.5246 2.21866 2.06257
CASE 0
