CASE 100
29.3943 29.3592 3.45314
29.3943 29.3943 3.53566
29.3943 29.3943 3.67475
29.3943 29.3355 3.61266
29.3943 29.3943 3.67475
29.3943 28.8235 3.37184
29.3943 29.3943 3.44339
29.3943 28.0633 3.5488
27.8165 28.1629 3.59265
29.3943 29.3943 3.67475
29.3943 29.3679 3.71078
29.3943 29.1345 3.67919
29.3943 29.3943 3.67475
29.3943 27.7936 3.45314
28.6072 27.9302 3.61266
29.3943 29.3684 3.67475
29.3943 29.3943 3.67475
29.3943 29.2655 3.67475
29.3943 29.3943 3.93472
29.3943 29.3943 3.46939
29.3943 27.9096 3.61266
29.3943 29.3943 3.4997
29.3943 29.3943 3.67215
29.3943 27.9226 3.43543
29.3943 29.0876 3.53566
29.3943 29.3943 3.4987
29.3943 29.3055 3.80244
29.3943 29.3943 3.67475
29.0608 29.3736 3.58577
29.3943 29.4026 3.33252
28.8254 29.3942 3.58577
29.3943 29.3943 3.61266
29.3943 29.3943 3.67475
26.4255 29.3882 3.58577
29.3943 29.3943 3.67475
28.6636 29.3473 3.21335
29.3943 29.0059 3.18862
29.3943 29.3943 3.67475
29.3943 28.4453 3.33744
29.3943 29.3682 3.83026
29.3943 29.3943 3.62429
28.9244 29.3494 3.67475
29.3943 29.3943 3.53566
29.3943 29.3943 3.33744
29.3943 29.209 3.53566
29.3943 28.6658 3.52834
29.1378 29.1107 3.43543
21.5324 29.3943 3.89232
29.3943 29.3943 3.61266
29.3943 29.3943 3.67475
29.3943 26.1333 3.09746
29.26 29.3943 3.67475
29.3943 29.3943 3.67475
29.3943 29.3943 3.52481
28.4624 4.49764 3.15111
29.3943 29.3943 3.53566
29.3943 29.3943 3.44339
29.3971 29.1572 3.59265
29.3943 29.246 3.23592
29.3943 25.7835 3.97856
29.2901 28.9116 2.97013
29.3943 29.3943 3.67475
21.4438 26.9109 3.59265
29.3943 29.3943 3.62429
29.3943 29.4024 3.22572
29.3943 29.3943 3.67475
29.3943 29.2303 3.03049
29.3943 27.832 3.46651
29.3943 28.0545 3.46651
29.3775 22.8139 3.23592
28.2098 29.3 3.33252
29.1777 29.0928 3.43543
29.1801 28.2304 3.33252
27.8155 29.3903 3.26549
29.3943 28.9702 3.21335
29.3943 29.3943 3.58577
29.3943 29.2274 3.59265
29.3943 29.386 3.23592
29.3943 29.3943 3.59265
29.3943 29.4197 3.58577
29.3943 29.4026 3.33252
29.3943 21.186 3.15111
29.3943 29.3943 3.67475
29.3943 29.3943 3.54591
29.4139 29.0263 3.22572
29.3943 21.2064 3.21335
29.1235 29.3943 3.67475
29.3943 29.3943 3.59265
29.3943 29.3777 3.26549
29.3943 29.3943 3.53566
4.87865 29.3943 3.78992
29.3943 29.3943 3.59265
29.3943 29.3943 3.37184
21.3968 29.3943 3.67475
29.3943 29.42 3.53566
29.3943 6.9751 3.33744
29.3943 29.3943 3.53566
29.3943 29.3943 3.67475
29.3943 29.3943 3.67475
29.3943 29.3415 3.22572
29.3943 29.4258 3.3527
28.1217 29.3943 3.33744
29.3943 29.0545 3.67475
29.3943 29.3943 3.67475
29.3943 29.341 3.33252
29.3943 29.3943 3.52834
29.3943 29.3943 3.67475
29.3943 29.3812 3.23592
29.3943 29.3943 3.7112
28.3375 7.29643 3.44339
29.3943 29.3716 3.58577
29.3943 29.33 3.67475
4.87874 29.3271 3.33252
29.3943 29.3943 3.59265
29.3943 29.3457 3.07732
29.3943 29.3575 3.16963
29.3943 28.9128 3.45264
29.3943 28.8094 3.4987
29.3943 21.4806 3.43543
29.3943 29.3943 3.67475
29.3943 29.4086 3.67475
29.3268 29.3686 3.19995
29.3943 28.9869 3.52834
21.8864 29.3943 3.67475
29.3943 26.3709 3.59265
29.3943 29.3788 3.53566
29.3943 28.1857 3.4987
29.3943 29.3943 3.61266
29.3943 25.6653 3.52087
29.3943 29.2485 3.8728
29.3943 29.3943 3.67475
29.3943 29.3943 3.4987
29.3943 29.3685 3.61266
29.3943 25.9317 3.61266
29.2356 29.3943 3.67475
29.3943 29.3943 3.53566
4.83563 28.9245 3.33252
29.3943 29.4006 3.23592
29.3943 29.3943 3.38669
29.3943 29.3943 3.67475
29.3943 29.3943 3.54115
29.3943 29.1204 3.33252
21.4806 29.3943 3.53566
29.3943 27.8799 3.54735
29.3943 29.2993 3.44339
29.304 29.3689 3.22572
29.3943 29.1584 2.97495
29.3943 29.4136 3.67475
29.3943 26.0019 3.53376
29.3943 27.9795 3.08172
29.3943 29.3943 3.52834
29.3943 29.3303 3.58577
29.3943 29.3183 3.59265
29.1225 29.3943 3.67475
29.3943 29.3943 3.59265
29.3943 29.3943 3.44339
29.3943 29.3943 3.67475
29.3943 29.3943 3.58577
29.3943 29.2622 3.26549
29.3943 29.3943 3.93472
29.3943 29.3713 3.33252
29.3943 29.3943 3.59265
29.3943 29.3943 3.67475
29.3943 27.8446 3.26549
29.3943 28.6875 3.59265
29.3529 28.9677 3.8239
29.3943 29.3865 3.63315
6.43465 29.3943 3.61266
29.3943 29.4055 3.8728
29.0587 29.3646 3.67475
29.2681 29.4386 3.46962
29.3943 29.2321 3.33252
29.3754 28.9563 3.61266
29.3943 29.4015 3.22572
29.3943 29.3943 3.67475
29.3943 29.2002 3.4997
29.3943 29.3943 3.59265
29.3943 29.3754 3.53566
29.3943 29.1634 3.67475
29.3943 27.2615 3.44339
29.3943 29.3943 3.67475
29.3943 29.2817 3.52834
29.3943 29.3943 3.53566
29.3943 29.3943 3.67475
29.3943 29.3943 3.58577
29.3943 29.3943 3.61266
29.3943 29.3943 3.67475
29.3943 27.7262 3.43543
6.09272 29.3943 3.61266
29.3943 29.3943 3.81715
29.3943 29.3943 3.67475
29.3943 29.3943 3.58577
29.3943 29.3943 3.53566
29.3943 29.4136 3.58577
29.3943 21.2613 3.33252
29.3943 29.3753 3.23592
29.3943 29.3595 3.52834
28.2841 26.3516 3.66585
29.3943 29.3943 3.61266
29.3943 29.3943 3.9893
29.3943 29.3943 3.67475
29.3943 29.3943 3.58577
29.3943 29.3943 3.4987
29.3943 29.3943 3.59265
29.3943 29.3943 3.59265
29.3943 29.4004 3.61266
29.3943 28.0864 3.26549
29.3943 29.3708 3.67475
29.3943 29.3857 3.59265
29.3943 29.3943 3.67475
29.3943 29.3581 3.15323
29.3943 29.3943 3.59265
29.3943 29.3943 3.59265
29.3943 29.3943 3.61266
29.3943 29.3943 3.27977
29.3943 29.3943 3.46651
29.3943 29.3831 3.46651
29.3943 29.3943 3.61266
29.3626 29.1331 3.23592
29.3943 29.2852 3.52087
29.3943 29.4197 3.59265
29.3943 29.3727 3.33252
26.0381 29.3943 3.53566
29.3943 29.3943 3.53566
4.87872 26.2514 3.59265
29.4253 28.7101 3.61266
29.3943 29.4049 3.7112
29.3943 29.3943 3.67475
29.3943 29.3943 3.67475
29.3943 29.3943 3.67475
29.3943 29.3814 3.23592
29.3943 29.3421 3.08165
29.3943 29.3943 3.44339
29.3943 29.394 3.23592
29.3943 29.3943 3.61266
29.3943 28.5896 3.59265
28.856 29.2134 3.67475
29.3943 29.4055 3.53566
29.3943 29.2923 3.09329
29.3943 29.3943 3.9893
29.3149 29.3943 3.67475
29.3943 29.3943 3.36318
29.3943 29.3943 3.46651
29.3943 29.2485 3.61266
29.3943 29.3943 3.67475
29.3943 29.3943 3.41464
29.3943 29.2815 3.67475
29.3943 29.3943 3.59265
29.3943 29.3943 3.67475
29.3943 29.3943 3.58577
29.3943 29.3943 3.57998
29.3943 29.1351 3.53566
29.3943 29.3943 3.67475
29.3943 29.3943 3.67475
29.3943 29.3943 3.67475
21.8949 28.9212 3.42579
29.3943 29.3943 3.67475
29.3943 29.3943 3.59265
29.3943 29.3943 3.52087
29.3943 29.3943 3.67475
29.3943 29.3943 3.62429
3.97917 28.0215 3.46651
29.3943 29.0276 3.8965
26.0385 29.233 3.45314
29.3943 29.3885 3.72506
29.3943 28.0826 3.53566
29.3943 29.3943 3.33252
29.3943 29.4048 3.53566
29.3943 29.3943 3.61266
29.3943 29.1401 3.37293
29.3943 29.3849 3.15111
29.3943 29.3943 3.67475
29.3943 29.287 3.37017
27.7903 29.4136 3.55635
29.3943 29.3943 3.67475
29.3262 29.2586 3.33252
29.3943 29.1242 3.55635
29.1904 29.3943 3.67475
29.3943 29.3357 3.23592
29.3943 29.3943 3.53566
28.3396 29.3954 3.61266
29.3943 29.3754 3.44339
29.3943 25.7821 3.31679
29.3943 29.3943 3.9893
29.3943 29.3943 3.67475
29.3943 26.8009 3.06049
29.3943 29.3943 3.5488
29.3943 29.3943 3.53566
29.3943 29.3943 3.67475
29.3943 29.3943 3.61266
29.3943 29.3943 3.33252
29.3943 29.3943 3.59265
4.13583 29.3943 3.59265
29.3943 28.2783 3.58577
29.3943 28.6875 3.67475
29.3943 29.1512 3.52087
29.3943 29.3943 3.59265
29.3943 29.3943 3.59265
29.3943 29.2091 3.82004
29.3941 29.3941 3.67475
29.3943 29.3482 3.59265
CASE 1000
22.1429 7.69754 2.96705
21.2113 4.42174 3.22221
14.8469 11.8315 3.25623
4.13496 4.26445 3.58615
21.4107 22.4907 3.15037
21.071 21.122 3.96832
21.118 4.07001 2.63417
21.9007 21.3861 4.02417
4.7162 4.14827 3.01845
4.71231 7.65339 3.30102
26.2299 5.80822 3.85504
4.64239 21.4267 3.17482
21.0265 3.68299 3.63591
8.857 21.4719 3.40549
4.42432 25.6754 3.59842
3.90322 5.19702 3.54571
3.80183 4.46126 3.86215
4.3819 4.17078 3.00306
4.1781 4.18224 3.45006
4.54679 21.206 2.55775
3.99738 20.9776 3.32321
4.53105 4.52813 3.22762
21.1184 4.01209 2.85998
3.27497 3.82237 3.48753
7.99732 25.8115 2.63466
21.0132 21.8492 2.63844
3.8898 4.87874 3.57361
3.85139 21.4185 3.06209
16.0821 5.44828 3.15235
21.4797 21.1537 2.63693
21.2148 21.1019 3.01553
21.3785 4.55145 3.06248
10.014 4.31169 2.95315
4.15189 20.9575 2.52402
4.75706 3.85268 3.10574
21.2382 5.07671 2.58869
4.30711 4.82506 2.52882
5.53195 3.94433 3.15107
29.3943 7.95627 3.00852
4.3332 4.15838 3.97953
21.0979 5.60487 3.83051
2.92621 11.6386 2.83953
7.24677 21.1423 3.03208
4.74736 9.10669 3.00633
20.879 4.5906 2.86496
21.1628 3.85796 2.65762
4.87875 2.68926 3.044
21.1871 7.86191 2.66484
3.53426 7.58418 2.90538
21.1423 4.26782 3.1938
4.13208 25.6927 3.31059
4.87023 21.5437 2.83783
3.69548 21.3667 3.01155
23.1672 2.99057 2.52644
8.6935 21.0994 3.6361
21.1419 3.92431 2.53945
2.78342 4.18249 3.1775
14.9263 11.8565 3.42877
13.7207 3.89472 2.76386
21.739 21.0828 4.05212
10.9978 4.52954 3.32803
2.00336 3.75336 2.80485
4.28294 3.73987 2.68962
20.9865 21.4003 3.61617
4.41153 4.59696 2.83562
21.0423 3.92269 3.1875
21.8886 21.8955 2.73615
7.37262 3.57043 2.28368
21.0489 21.199 3.23259
3.34587 7.80901 2.67849
4.23362 21.1791 3.05141
4.45182 21.2306 3.26659
4.10253 21.1298 2.91898
25.7684 3.86632 3.12946
21.3565 3.7591 2.85528
4.237 4.33336 3.35108
22.0803 9.56986 2.84572
21.1527 3.83569 3.13309
4.54453 21.3006 2.9642
21.1335 5.77931 2.76289
4.73175 21.4818 3.17682
19.0178 4.32667 3.51216
4.45122 5.71243 3.31412
4.87874 21.5601 2.60068
4.28431 20.9751 3.66934
9.69436 25.8083 2.74498
4.76971 21.322 2.9913
4.79414 21.1935 3.06479
4.69404 21.3533 3.02171
21.2057 21.4252 3.03503
21.2395 4.32362 3.47494
4.06199 21.4434 3.57183
28.7021 3.8468 3.05284
12.2104 5.23374 3.57552
4.65172 21.0868 3.50058
3.65612 4.57767 2.62354
21.0146 4.01562 2.58183
4.5723 4.49789 2.65819
21.2194 21.8448 3.15983
20.879 21.1021 2.83702
21.2108 3.47957 2.94538
25.7838 3.58055 2.71102
8.44945 4.17811 2.64541
4.61236 7.94633 3.28558
25.7375 3.94422 2.98858
5.08524 5.3723 3.57635
3.77967 21.1499 3.0404
21.1598 21.2545 3.44359
23.0296 7.05548 2.70319
21.1982 21.0463 3.55324
21.0955 4.43566 2.90128
4.3524 10.8453 2.81885
4.30645 4.01924 3.77756
21.0547 4.22168 3.32129
25.7946 4.21743 3.14711
4.80299 25.8163 3.18977
4.21801 4.80497 3.75237
3.78184 21.2925 2.68142
21.3486 4.29534 3.10944
3.77989 4.38996 3.70622
4.65137 4.48692 3.22058
16.9587 7.27314 3.22868
21.3558 4.01417 2.74378
21.169 5.27781 2.53052
4.92485 22.9671 3.12604
9.95726 4.50537 3.62376
4.5886 10.3054 3.05316
14.079 4.7808 3.8685
4.68822 4.29157 2.72669
4.31187 21.187 2.72612
3.58318 1.84821 2.58509
25.8271 4.41776 3.187
21.2372 6.13698 3.23976
21.2169 21.0978 2.74392
21.2186 4.77893 2.97448
22.2515 21.4184 3.19442
3.845 4.71304 2.86983
29.3936 8.90127 2.55766
5.72442 21.265 2.91273
4.0843 3.94351 3.90544
21.1043 25.8103 3.35316
5.09815 6.15215 2.90286
12.2789 25.8176 3.92726
4.57739 4.14385 3.2715
4.83252 5.41209 3.24323
21.2409 25.7407 3.21293
29.3941 21.1276 2.62721
6.29698 21.3112 2.9564
4.73338 3.98904 3.22565
21.1366 4.59663 2.93555
7.40694 21.1833 3.14567
4.84305 4.58284 3.57602
6.32935 4.76021 3.18883
2.75439 4.19669 2.51154
4.84705 21.0493 2.45465
4.78767 21.0906 3.11096
4.61742 1.9832 2.69582
4.7424 21.3569 3.77013
4.44634 4.40738 3.7135
10.1161 21.6779 2.69495
3.9203 4.63523 3.23155
21.2343 21.2077 3.08909
4.49099 3.24295 2.27557
21.2234 4.13951 2.76996
21.0507 20.9906 3.02629
4.12093 10.6482 2.90748
4.39301 11.1277 2.73497
3.92798 4.39858 2.55327
4.72412 4.16566 3.40104
21.1192 21.1599 3.43922
4.66983 5.4426 3.15763
4.29284 21.2012 3.37387
8.33207 22.1174 2.90139
4.51187 21.0148 3.52798
21.215 10.1352 2.87004
9.89686 21.4088 2.99214
4.7877 21.364 2.9405
4.25511 4.03783 2.84499
21.2286 4.33855 3.13341
29.3363 4.71967 3.09997
21.1425 3.82663 2.82013
21.1824 21.1344 3.17183
13.8993 4.11749 3.29664
3.74015 4.55115 3.04153
4.6781 21.0965 2.50093
4.45986 6.08222 2.44896
4.85346 3.60934 3.6879
5.87329 4.53934 3.19922
4.83939 4.86135 2.91605
22.9749 3.94373 2.99037
6.98288 3.43974 2.66099
21.2841 21.1936 3.70837
21.0801 21.0653 2.73744
29.3943 22.7993 3.11584
3.78433 4.12599 3.28659
5.69499 4.97978 3.14299
2.90346 21.0514 3.02515
4.73008 4.65951 3.29905
14.7327 3.91209 2.2464
3.41362 4.40321 4.03411
21.2162 3.56049 3.41764
21.1896 3.58834 3.57033
4.71395 2.8586 3.27852
4.83189 3.70806 2.95633
21.423 4.2241 2.95731
4.87875 3.33466 3.50055
8.5628 5.83957 3.34669
4.59407 4.04969 2.94359
4.87874 21.1077 3.02367
13.7324 4.60792 2.97213
4.03779 21.0914 2.65631
4.41796 21.3173 3.07693
4.08459 5.66908 2.96354
