CASE 100
15.9871 15.9871 0.955749
15.6564 15.5662 0.82981
15.6412 15.6412 0.830055
14.8468 13.4809 0.685695
15.6973 15.6973 0.550909
13.1659 12.9232 1.848
15.4563 15.4563 0.564682
15.7083 15.7083 0.710128
15.116 15.116 0.48332
15.5151 15.5151 0.532612
13.2908 13.2908 2.69015
15.777 15.7543 0.739724
14.59 14.59 1.37598
15.243 14.605 0.677596
14.244 1.90804 1.10185
15.7845 15.7845 0.903185
15.4663 15.4663 0.872469
14.6877 14.6877 2.22976
15.6302 15.6302 0.71172
15.4914 1.00624 0.811648
15.7154 15.2932 0.809932
15.0914 15.0984 0.941342
15.5724 15.4027 0.651141
15.0575 15.0575 0.950302
14.443 14.443 1.36871
15.7307 15.7307 0.869762
15.2749 15.2393 0.724066
14.6075 14.6075 1.01818
0.446542 14.9167 0.958797
15.3387 15.3387 1.21911
15.0102 15.0102 0.856492
15.3617 15.3617 0.677901
14.4562 14.1899 1.00362
15.2316 14.4406 0.794066
15.0686 15.0686 1.29406
15.8665 15.8665 1.02772
15.2667 15.2667 1.06209
15.0856 15.0856 0.894691
1.40085 1.37801 0.671803
15.5592 14.6389 0.677249
15.6922 15.6922 0.825492
14.5124 14.5124 1.4502
15.3437 15.3437 0.745697
15.8037 15.8037 0.813777
15.175 13.4097 0.817732
15.5291 15.5291 0.582795
15.1727 15.1727 1.23145
14.9605 14.9605 1.23176
15.9836 15.9836 1.19198
15.7144 15.7144 0.825133
15.4338 15.4166 0.830403
15.6362 15.6362 1.13061
15.7726 15.7726 0.805897
15.4716 15.3011 0.843551
15.0946 15.0946 1.18464
15.9191 15.9191 1.10446
14.3702 14.3585 1.33424
15.148 15.148 0.767031
15.5137 15.5137 0.559309
14.5825 14.6018 1.12231
15.6825 15.6825 0.755493
15.4658 15.3806 1.02554
15.1446 15.1446 0.937082
15.0237 15.0237 1.28159
15.2009 15.2009 0.435467
15.8737 15.8737 1.12361
15.4084 15.4084 0.589715
15.3953 15.3953 1.1949
15.4816 15.4816 0.561877
15.3304 15.3304 0.569276
15.9092 15.9092 0.966548
15.7992 15.7992 0.872098
15.0131 15.0131 0.660332
15.118 15.118 1.20073
14.8999 14.8999 2.24253
15.7855 15.7855 0.826508
14.6889 13.9578 0.829976
15.5558 15.5558 0.637585
14.7709 14.7709 0.976866
12.179 12.2522 2.13738
15.5622 15.5622 1.26385
15.8435 15.813 1.34019
15.8182 15.8182 0.889345
14.88 13.315 1.61646
15.7386 15.7386 0.809505
15.3537 15.3537 0.883412
14.6345 14.6121 1.51843
15.4187 13.6427 0.639314
15.2321 14.358 0.954509
15.1991 15.1991 0.726715
15.8352 15.8352 1.0359
15.3998 15.3998 0.662183
14.6148 14.3414 1.18099
15.3095 14.9608 1.20441
15.3097 15.2909 0.680253
15.3762 15.3762 0.764653
15.7282 15.7282 0.735594
15.7857 15.6008 0.789595
15.5661 15.5661 0.610706
15.4747 15.4747 0.600678
CASE 1000
15.5756 15.5756 0.77493
14.9085 7.41247 1.20423
1.86041 2.39871 1.78096
15.7336 15.7336 0.791319
15.426 15.426 1.21429
15.5325 11.325 0.632612
15.6248 15.6248 0.688717
3.35038 3.13264 1.96445
15.6657 11.1394 0.56711
14.7148 1.94592 1.44442
2.61833 0.998586 1.25935
1.39689 1.28729 1.39692
14.535 1.93911 1.02545
15.2654 15.2654 0.758464
15.5793 15.5793 0.677457
13.6901 15.7516 0.440694
13.4214 1.7407 1.03487
15.1743 1.70354 0.661008
15.2836 15.2836 0.724197
15.4897 1.02314 0.644604
9.73526 2.40629 1.36537
15.66 15.66 1.36869
15.6771 15.6082 0.770729
15.4494 1.34716 0.859317
15.4376 15.376 0.617386
1.72477 4.97212 1.03214
15.5294 15.5294 0.67285
2.47826 9.53877 1.5162
15.2647 15.2647 0.61595
15.7762 15.7762 0.820271
14.4009 10.6715 1.22778
1.17043 1.31859 1.3186
0.77621 0.937482 0.937511
1.46731 1.65218 1.13046
15.38 15.38 0.69747
15.0651 15.0651 1.18584
15.5215 11.1123 0.648486
1.74298 1.74298 0.916417
15.1045 13.2877 0.987041
15.389 15.1953 0.868929
15.7539 15.7539 0.494275
15.6435 13.6633 0.75245
15.4912 15.4912 0.731714
15.6817 15.6817 0.841284
0.926028 0.762586 0.575664
15.4232 15.4232 0.72368
11.0809 13.5049 0.762068
10.7573 1.28604 1.28608
15.1366 15.1366 1.08938
15.2112 14.342 0.572525
15.7335 15.7335 0.554865
15.346 0.850187 0.932369
15.9579 15.9579 0.863535
15.5998 15.5998 0.764967
15.1061 15.1061 1.15277
13.7127 0.396561 0.410083
15.7341 13.7141 0.472516
15.6877 13.6347 0.651143
15.8337 15.8337 0.317205
15.4736 15.4736 0.96472
15.4859 15.4859 0.687693
3.9708 13.0536 2.87516
15.3315 15.3315 0.418129
1.29218 1.2077 1.1639
15.5304 15.5304 0.353603
15.4485 15.1093 1.14611
15.3554 15.3554 0.719324
14.9759 14.9759 1.11602
3.33789 2.22469 1.76428
13.3472 3.84668 2.72019
14.9439 11.0245 1.74241
15.4104 1.45146 0.787151
14.9608 10.6627 0.815753
4.21356 11.5283 0.492383
15.1589 14.8494 1.63377
15.4246 15.3629 0.841883
11.2194 11.2282 0.566444
15.8982 15.8982 0.670026
15.5906 15.1366 0.635295
15.4742 15.4742 0.610839
0.725236 0.526371 0.403756
13.5282 15.4081 0.678305
2.64399 1.48671 1.5306
15.0791 14.6945 0.9318
15.4005 15.2157 0.428476
15.8935 15.8935 1.05974
14.6027 14.6027 0.875137
15.6352 15.6352 0.763868
15.424 15.424 0.743682
1.31658 1.06722 1.31662
14.8135 1.93117 1.5558
15.2376 11.3045 1.98095
15.1624 10.9575 1.20792
15.4462 15.4462 1.18285
14.9038 11.28 0.280225
1.51046 3.70613 2.76058
15.4566 15.4566 0.62232
14.9273 14.9273 1.20205
15.3517 1.13156 0.424832
0.985896 0.985896 0.77657
CASE 10000
15.4104 0.833086 0.714736
15.7854 0.43159 0.352006
0.903524 1.06668 0.730059
1.29438 1.33288 1.23415
0.987871 0.868778 0.657655
15.7259 0.472452 0.465288
1.14793 11.0392 0.982128
11.1999 0.549498 0.739517
0.543813 0.560051 0.512013
7.35363 0.349435 0.436245
1.43404 0.706583 0.59099
1.30257 0.650491 0.801124
10.929 1.0156 0.821342
0.716532 0.793776 0.70167
1.69609 1.42924 1.05761
6.61977 0.547191 0.863323
14.8863 10.841 0.700694
3.14945 3.14945 0.71163
1.93332 0.560262 0.669059
1.93368 0.881651 0.705697
1.08301 1.25428 1.17705
14.1861 1.77332 0.701305
1.03401 0.906918 0.881452
15.6549 2.46136 0.647978
1.87581 2.13196 0.685109
15.893 15.6656 0.22737
1.19017 1.15932 0.908763
15.7746 11.1787 0.557833
0.980318 0.868838 0.869044
2.18937 1.35387 1.26501
1.21504 1.21505 0.845813
15.5773 14.659 0.760962
11.209 0.295384 0.295407
1.48711 0.605622 0.480897
0.32866 0.324509 0.324511
1.96797 1.03674 0.743892
15.6833 0.557119 0.486011
2.23614 0.764182 0.802148
1.71924 1.26161 1.25436
0.364581 0.30858 0.308582
2.3871 0.769641 0.769678
0.918523 0.918523 1.30976
3.60329 0.830821 0.455409
3.71694 3.71694 1.01819
15.2014 15.2014 1.42674
1.02029 0.964398 0.835695
5.20048 2.67149 1.96784
1.30478 0.85337 0.797724
1.99426 0.814319 0.793744
1.12072 1.35751 1.01822
1.28096 1.28096 0.516808
0.847785 0.435708 0.613343
0.747158 0.637564 0.654657
2.09325 1.49548 0.69166
0.40077 0.458732 0.36991
0.851891 0.702894 0.851938
15.7666 15.7666 0.46316
11.0847 0.819137 0.744232
2.76965 1.92203 1.25963
0.530751 0.521978 0.850452
1.11743 0.630038 0.612776
15.5209 0.895876 0.615352
15.5249 14.4657 0.678887
0.644849 0.520625 0.520625
15.4339 13.4882 0.26707
15.5829 15.5829 0.735318
15.8913 11.2407 0.144563
1.80913 0.509579 0.649684
15.2037 1.3483 0.736189
1.07981 1.0577 1.01528
1.29958 1.04448 0.739329
2.71578 1.30036 1.29847
15.6407 15.6407 0.511803
0.639766 0.631674 0.620873
0.791563 0.612959 0.664534
1.54168 1.45768 1.45768
2.84492 2.72962 1.7046
1.12774 1.19482 1.12779
14.6344 15.5247 0.736663
0.49028 0.565385 0.500663
1.98282 2.06403 1.89569
0.218323 0.20631 0.464257
15.483 0.568902 0.559453
15.69 0.960212 0.522945
0.634611 0.649373 0.773022
14.5 1.64811 2.01823
14.5618 0.842988 0.779653
15.6604 15.6604 0.692942
0.88673 3.02699 0.75226
1.32848 0.736624 0.81045
0.466692 0.607688 0.596511
15.9457 11.4166 0.637025
15.4995 15.4995 0.478713
1.19235 1.04785 0.950478
0.654047 0.43727 0.452024
1.09875 1.00064 1.00064
2.25559 1.21759 1.21284
1.14342 1.61428 1.13786
0.81204 0.729472 0.838876
2.13671 3.00422 2.60955
CASE 100000
0.888655 0.657646 0.68707
0.623105 0.595395 0.638545
0.572865 0.433052 0.520361
3.75545 0.291159 1.64733
0.365974 0.365974 0.533115
2.16632 0.739895 0.593896
1.14215 1.15066 0.976332
1.2665 0.848399 0.900959
0.900013 1.04541 1.00612
8.04674 0.778239 0.793657
0.449449 0.441615 0.441615
4.08626 4.93613 1.14334
0.504763 0.352477 0.345165
5.33095 1.9613 0.328882
0.719615 0.686896 0.686896
1.14714 0.291352 0.142087
1.42822 1.41346 1.32776
1.12224 0.439006 0.439006
0.66193 0.55414 0.55414
0.684296 0.684296 0.63874
0.381983 0.370622 0.314747
0.979674 1.59226 0.808104
1.00526 0.811645 0.92622
2.18334 1.37085 1.22198
0.641156 0.633487 0.633487
0.665938 0.717971 0.717971
0.534841 0.534841 0.77014
1.65756 1.14578 1.30316
0.871407 0.433865 0.853269
1.31374 1.66655 1.5585
0.842326 1.00677 0.740834
0.62784 1.06813 0.867837
1.39426 4.84989 0.581457
1.43623 2.12772 1.43463
1.18795 1.10023 0.872497
1.11152 0.566585 0.41557
0.911467 0.911467 0.988321
0.866799 0.430799 0.564792
0.474488 0.856237 0.856237
15.6344 13.6042 0.689328
1.51939 1.51938 0.940884
1.68078 1.62112 1.67792
1.43139 0.953599 1.03024
1.23906 0.393367 0.357046
1.06248 0.992155 0.882324
1.29005 2.13184 1.63947
11.2863 0.217611 0.222342
2.11088 2.16893 2.14107
0.85696 0.708177 0.795849
1.67853 1.78238 1.77706
0.1614 0.156394 0.154485
15.9985 15.9985 0.00194574
1.77882 0.971124 1.02778
0.396911 0.525101 1.0546
0.881824 0.517722 0.480808
1.34576 1.61651 2.5138
2.06288 2.415 1.99157
0.158935 0.147841 0.144626
15.6007 0.603256 0.683968
0.529681 0.529707 0.529777
0.947847 0.821187 0.542139
0.363815 0.431958 1.05187
15.0966 11.1293 0.745908
1.08167 0.658598 0.675842
0.991491 0.614341 0.991538
1.22664 0.33064 0.567709
1.22818 1.82159 1.29554
0.841853 0.265778 1.35132
15.6008 0.474046 0.764586
1.26931 1.11277 0.984718
0.718101 0.775204 0.969167
1.29341 1.02057 1.02057
0.660649 0.696809 0.698319
1.53269 0.893414 0.893414
0.793241 0.773117 0.789459
0.971333 0.64121 0.707049
11.4056 0.599934 0.525026
0.733206 0.751068 0.751068
15.9256 15.6856 0.200028
0.869227 0.679942 0.649019
2.29736 1.67668 1.45563
1.75558 0.35569 0.35569
0.939398 0.828354 0.828354
2.36311 1.16128 1.14653
1.33196 1.09862 1.33839
0.621689 0.537182 0.529492
15.4119 15.3795 1.0803
0.709117 1.10894 1.11762
0.569369 0.981677 0.753752
3.73114 0.821722 0.653654
0.310978 0.288115 0.312378
4.84924 0.662265 0.482722
0.148075 0.165996 0.165996
0.687454 0.91663 0.91663
0.467274 0.432725 0.414592
1.01086 0.742803 0.696046
0.640312 0.913944 0.627423
1.73665 1.47645 1.29985
1.5341 0.835615 1.69607
0.836479 0.397968 0.399748
CASE 0
