CASE 100
0.145549 0.145549 0.0822246
0.200393 0.0954268 0.0419882
0.33941 0.3395 0.136125
1.30346 0.116674 0.0222359
1.21259 0.379818 0.509587
0.240169 0.240253 0.0937166
0.172768 0.137008 0.0749795
0.120328 0.280371 0.094401
0.0704492 0.230553 0.160021
1.8244 0.093565 0.215869
0.275451 0.31066 0.22284
0.291457 0.235758 0.155276
0.156749 0.19307 0.150977
0.221411 0.252712 0.109827
0.0475363 0.034558 0.124956
1.96781 0.28882 0.3335
0.211754 0.120987 0.36805
0.299575 0.19903 0.147495
0.176328 0.176333 0.18801
0.397378 0.474512 0.14444
0.265809 0.193264 0.142878
0.110427 0.106527 0.0426761
0.359603 0.363925 0.221579
0.378116 0.329805 0.431673
0.0952377 0.0952377 0.0836155
0.141216 0.121298 0.093343
0.217998 0.10921 0.16759
0.119252 0.170437 0.154031
0.136549 0.115807 0.101257
0.2935 0.0595576 0.0934506
0.0862864 0.0272233 0.124
0.148429 0.127949 0.176585
1.10147 0.241986 0.156018
0.225914 0.0931779 0.323066
0.236241 0.2449 0.183814
0.303315 0.317329 0.0644272
0.232572 0.273785 0.169272
0.283504 0.283504 0.0339796
0.298686 0.486699 0.0594111
0.294631 0.165436 0.129935
0.468431 0.151511 0.0658512
0.256112 0.347605 0.243841
0.709503 0.656821 0.425661
0.471798 0.400484 0.135694
0.414658 0.299986 0.210138
0.510672 0.220173 0.084217
0.491285 0.348769 0.142893
0.0801571 0.0136564 0.0190738
0.467772 0.294581 0.109785
0.346749 0.159952 0.487934
0.18322 0.188045 0.248539
0.227598 0.196519 0.138097
0.472392 0.298212 0.270505
1.67061 0.202483 0.081696
1.79818 0.11818 0.108235
1.23603 0.260329 0.184327
0.26315 0.268088 0.163682
0.113768 0.113773 0.243134
0.192957 0.168425 0.151117
0.0236147 0.0237032 0.0274235
0.285586 0.114271 0.209601
1.40421 0.0244362 0.0194824
0.140563 0.14475 0.155639
0.248402 0.248402 0.0925324
0.298949 0.298949 0.183217
0.0478325 0.0478325 0.0881712
0.177345 0.177345 0.15742
0.218202 0.218213 0.274376
0.11548 0.0655196 0.101394
0.250357 0.453656 0.289052
0.191368 0.191368 0.146886
0.393138 0.393138 0.143407
0.202701 0.204338 0.286861
0.377919 0.116773 0.18351
0.19248 0.242089 0.0847799
0.433855 0.217074 0.090909
0.273809 0.215222 0.267053
0.102207 0.102229 0.0999652
0.371969 0.371969 0.132084
0.189562 0.148601 0.0624942
0.163432 0.163448 0.0478093
0.284302 0.208331 0.216623
0.286841 0.176065 0.192911
0.0272916 0.0404015 0.0744492
0.168663 0.168677 0.0528024
0.394162 0.394217 0.118518
0.0977252 0.0994481 0.0663767
1.51528 0.242852 0.142967
0.166652 0.161656 0.10354
1.34418 0.196062 0.0736874
1.38162 0.0770906 0.0955165
0.431439 0.367512 0.150402
1.71309 0.0244824 0.0641931
0.144584 0.136303 0.156781
0.259811 0.248985 0.100888
0.312626 0.232024 0.22332
0.36195 0.215992 0.201805
0.115805 0.14086 0.127346
0.255529 0.130083 0.0729691
0.195516 0.195516 0.0917325
1.38722 0.195413 0.161423
CASE 1000
0.137988 0.137988 0.0321008
0.232566 0.224359 0.0435711
0.180125 0.183711 0.180464
0.0853219 0.0853219 0.0620145
0.0829002 0.070756 0.0247102
0.339603 0.280534 0.116468
0.195548 0.213195 0.06204
0.0564228 0.0356486 0.0389439
0.168663 0.150079 0.0395961
0.21645 0.146314 0.0779992
0.150606 0.166315 0.0960411
0.148012 0.144734 0.052249
0.150053 0.149378 0.014263
0.144265 0.163289 0.101458
0.108701 0.225243 0.151998
0.102565 0.102565 0.037855
0.143945 0.143945 0.0305913
0.27158 0.233371 0.0847505
0.24375 0.233317 0.0382606
0.273682 0.273196 0.0320501
0.316569 0.328068 0.0814955
0.228554 0.232789 0.0472122
0.112361 0.154707 0.155941
0.0105457 0.0105462 0.00522679
0.187117 0.194933 0.038498
0.168987 0.160303 0.0182679
0.195646 0.194872 0.0504029
0.250859 0.294732 0.0672416
0.282597 0.200594 0.063098
0.375097 0.12324 0.0366184
0.0689783 0.0687849 0.0295192
0.148962 0.19585 0.0605311
0.112911 0.109804 0.0510738
0.18175 0.177486 0.0489398
0.0761885 0.0761885 0.0110029
0.294229 0.294229 0.0578674
0.238337 0.185121 0.100718
0.265434 0.273168 0.073998
0.202268 0.189639 0.0457
0.156414 0.147925 0.0330893
0.178327 0.190162 0.00875648
0.0147541 0.0149197 0.00584635
0.300265 0.300265 0.113567
0.210957 0.238015 0.0369988
0.26102 0.264017 0.103725
0.0363508 0.0281213 0.0374056
0.269298 0.257357 0.0580309
0.278979 0.2914 0.0906359
0.182635 0.120595 0.0429317
0.0445787 0.041171 0.0403306
0.146464 0.138837 0.0282288
0.237268 0.239367 0.0340864
0.329163 0.329163 0.0469434
0.077023 0.0765446 0.0194627
0.39733 0.129001 0.0835571
0.233647 0.243454 0.0380025
0.182341 0.19054 0.0422638
0.122947 0.123833 0.01381
0.186578 0.182394 0.0395006
0.243495 0.14216 0.0236242
0.417484 0.417484 0.0512944
0.0281795 0.0280343 0.0335271
0.210401 0.247106 0.0597517
0.141896 0.160159 0.0142991
0.116092 0.0981191 0.0730204
0.206464 0.206464 0.069969
0.104628 0.104628 0.0454951
0.107435 0.148778 0.0993791
0.242046 0.242046 0.0550483
0.117667 0.130822 0.0850865
0.135706 0.199446 0.0748203
0.239508 0.239508 0.134394
0.175605 0.169785 0.130707
0.1209 0.121854 0.0419675
0.2802 0.248749 0.06699
0.214416 0.214416 0.042234
0.128541 0.120328 0.0225496
0.19187 0.197248 0.0367557
0.172442 0.189387 0.0558668
0.324967 0.27424 0.0322471
0.22897 0.217425 0.0764326
0.0707945 0.0749538 0.0188948
0.0853532 0.0979702 0.0806539
0.157988 0.157988 0.0239276
0.0907149 0.133814 0.0500488
0.139934 0.139938 0.0563226
0.179894 0.159835 0.0266469
0.0575223 0.0459881 0.0210755
0.175902 0.173036 0.0731882
0.0901967 0.0912596 0.0273609
0.313255 0.147493 0.0550097
0.0972875 0.0972875 0.0255854
0.0808189 0.101956 0.0332736
0.161353 0.161353 0.045833
0.0985973 0.171712 0.152188
0.202318 0.130733 0.0676596
0.249587 0.25009 0.0438185
0.161723 0.0948301 0.0408373
0.185721 0.133056 0.0364143
0.0353437 0.154346 0.137696
0.0827491 0.057148 0.016067
CASE 10000
0.0579104 0.0578985 0.00387376
0.325036 0.299139 0.0140553
0.13954 0.13954 0.0125776
0.174342 0.209409 0.0300966
0.193421 0.190349 0.0086162
0.0916753 0.0839091 0.00401269
0.247697 0.258165 0.0111562
0.0583374 0.0583374 0.0105314
0.0196947 0.0195338 0.00980747
0.278704 0.260081 0.0783176
0.162092 0.123675 0.0231467
0.157048 0.157048 0.00536559
0.0355851 0.0396702 0.0108887
0.0827132 0.0241078 0.0172957
0.133128 0.133128 0.00708134
0.074604 0.0731195 0.0156941
0.0752586 0.0883708 0.0271584
0.14185 0.142997 0.0245256
0.0572809 0.086301 0.0211488
0.250628 0.252814 0.0106732
0.306062 0.355967 0.0579683
0.0817167 0.0851221 0.012585
0.138196 0.138264 0.0141191
0.380294 0.369103 0.0095975
0.323466 0.320729 0.0160731
0.157525 0.110236 0.0201718
0.124264 0.127283 0.0202521
0.19213 0.19213 0.0148726
0.128295 0.128295 0.00652111
0.258963 0.258963 0.0148459
0.0698317 0.0695918 0.00792538
0.319979 0.319528 0.0147509
0.103692 0.0828315 0.0125847
0.232109 0.202826 0.0316041
0.13034 0.114586 0.0107958
0.132313 0.128886 0.00481527
0.329477 0.325529 0.0153023
0.0978874 0.0976215 0.0147157
0.234181 0.234181 0.0208098
0.120363 0.115155 0.0121968
0.266571 0.266571 0.0372415
0.135121 0.132969 0.0334958
0.20341 0.203109 0.006238
0.41462 0.41462 0.0286812
0.201612 0.197535 0.00927361
0.239191 0.239191 0.029804
0.129834 0.059314 0.0297993
0.266216 0.246587 0.0172463
0.115566 0.0364789 0.0175673
0.145733 0.161372 0.0243613
0.193265 0.193265 0.00464834
0.0586505 0.0319356 0.0171123
0.192546 0.118563 0.0350078
0.319851 0.320997 0.0021158
0.214932 0.186527 0.0157617
0.246479 0.271867 0.0336935
0.134069 0.0812404 0.0287531
0.297794 0.297794 0.013744
0.146649 0.151362 0.00980165
0.138013 0.130405 0.00936389
0.280067 0.279096 0.0227596
0.129623 0.142069 0.0245128
0.265007 0.260903 0.00650734
0.282331 0.282331 0.0287907
0.114882 0.145421 0.0169941
0.186774 0.175754 0.0241743
0.0810361 0.0809841 0.0260949
0.271272 0.199972 0.0210682
0.243843 0.246084 0.00803121
0.155374 0.159651 0.0221777
0.0491582 0.0607837 0.0162141
0.0265812 0.0265812 0.0150762
0.19761 0.219892 0.00817701
0.183048 0.177836 0.006512
0.248707 0.222504 0.0192962
0.194905 0.200878 0.00533778
0.241756 0.241756 0.0149076
0.143711 0.143711 0.00734594
0.126503 0.124241 0.0101874
0.157607 0.154827 0.0113946
0.186783 0.186783 0.0150598
0.197767 0.191103 0.00749308
0.15223 0.159935 0.0188591
0.0610597 0.386515 0.436039
0.144465 0.142949 0.010948
0.0929627 0.0929627 0.0110078
0.223463 0.225821 0.00791777
0.0017448 0.00174509 0.000530282
0.0843813 0.0788672 0.0184462
0.282048 0.282048 0.0261268
0.100629 0.101225 0.0084764
0.00233895 0.0023391 0.00163164
0.136335 0.104543 0.0141459
0.134869 0.132794 0.0113962
0.160777 0.169739 0.019193
0.138887 0.138887 0.0167236
0.142515 0.138612 0.00919775
0.0554681 0.0554681 0.00633084
0.210803 0.193273 0.0242348
0.189999 0.189959 0.00430101
0.124223 0.101095 0.0140724
CASE 100000
0.254749 0.254749 0.00583791
0.209422 0.211727 0.00396574
0.273614 0.273369 0.00410391
0.0216898 0.0216898 0.00502774
0.172968 0.17504 0.00166926
0.244773 0.244773 0.00594251
0.10577 0.105896 0.00206234
0.0678259 0.0679419 0.00345161
0.0837667 0.0837667 0.00197563
0.333796 0.327826 0.00357638
0.242634 0.242634 0.00598646
0.316265 0.315673 0.00824483
0.0690088 0.0690088 0.00221772
0.298573 0.298573 0.00961092
0.0972521 0.106399 0.00823002
0.246581 0.246581 0.00118955
0.120148 0.119466 0.00350248
0.123014 0.121681 0.00666204
0.188766 0.190477 0.00340146
0.111696 0.111696 0.00511005
0.377633 0.376254 0.00899774
0.062844 0.0660731 0.00147764
0.0990332 0.101101 0.00493603
0.365095 0.364338 0.00869009
0.180163 0.180002 0.00491587
0.12771 0.116067 0.00820021
0.165199 0.164452 0.00340305
0.247984 0.247845 0.00493361
0.124216 0.124354 0.00295065
0.0377142 0.0348213 0.00194019
0.234409 0.23359 0.00309184
0.206377 0.202108 0.00363741
0.122162 0.114282 0.00447895
0.0458021 0.0251602 0.00470015
0.157737 0.152138 0.00530157
0.161553 0.156803 0.0075879
0.229734 0.229337 0.00302695
0.142017 0.140969 0.00228216
0.27368 0.272279 0.00850878
0.220535 0.218697 0.0114916
0.20116 0.200959 0.00327126
0.118465 0.118564 0.00295609
0.126201 0.126202 0.00507651
0.171657 0.172351 0.00660991
0.191166 0.19101 0.00420118
0.191969 0.190838 0.0153131
0.0936899 0.102875 0.00483241
0.0696077 0.0694668 0.00546357
0.21936 0.219038 0.00424985
0.312989 0.311987 0.0019813
0.157194 0.158328 0.00382772
0.0539584 0.0299208 0.0107633
0.271052 0.271052 0.00642475
0.253001 0.253001 0.0432459
0.150073 0.146579 0.0103073
0.124082 0.123539 0.0029072
0.226698 0.226698 0.00357017
0.142297 0.140527 0.00753282
0.261408 0.267901 0.00632609
0.158534 0.158534 0.0066044
0.0725032 0.0725032 0.00457739
0.273019 0.273019 0.00672362
0.00285886 0.0028577 0.000633696
0.10121 0.100288 0.0110803
0.0703493 0.0667377 0.00319505
0.125414 0.125414 0.00276972
0.112496 0.112938 0.0043092
0.221793 0.222377 0.00818295
0.16945 0.16945 0.00668295
0.177624 0.174858 0.00433492
0.170999 0.170999 0.00496095
0.109673 0.111809 0.00378337
0.139999 0.138398 0.00271426
0.186818 0.176275 0.00925261
0.164557 0.164585 0.013167
0.0973038 0.0973038 0.0027161
0.182351 0.187759 0.00677688
0.165523 0.181308 0.00779246
0.150621 0.151192 0.00365426
0.194784 0.194814 0.00315687
0.279197 0.279607 0.00215156
0.115658 0.120304 0.00319683
0.232303 0.203221 0.019957
0.144384 0.145492 0.00319833
0.215331 0.215331 0.0032751
0.142425 0.145971 0.00319776
0.00682627 0.00231466 0.00398553
0.300206 0.297234 0.00896719
0.214684 0.221234 0.0085365
0.0974031 0.0975949 0.00336355
0.35632 0.35632 0.00556635
0.227809 0.226087 0.00605079
0.174058 0.144094 0.00477987
0.0564013 0.0566316 0.00547707
0.187381 0.187381 0.00421243
0.139151 0.138526 0.00157386
0.0602786 0.0602807 0.000353078
0.224455 0.224455 0.00649359
0.157751 0.17828 0.0340424
0.114706 0.113597 0.00481357
0.064917 0.0627103 0.00404072
CASE 0
