CASE 100
31.8252 31.8252 1.12846
31.38 31.38 0.725075
31.3653 31.3653 0.878218
31.4608 31.4608 1.18403
30.635 30.635 1.22346
31.5016 31.5016 0.950251
30.4101 30.3921 1.30943
30.7812 30.7812 1.53645
31.2053 31.2053 0.900368
31.1392 31.1392 1.31984
31.0586 31.0586 0.72402
31.3836 31.3836 0.835719
31.0272 31.0272 1.08202
30.8828 30.8828 0.810425
31.6724 31.6724 1.03447
31.6623 31.6623 1.04918
30.0796 30.0796 1.97385
31.258 31.258 0.785078
31.6133 31.6133 1.07739
31.2559 31.2559 0.993205
31.9742 31.9742 1.47499
31.5932 31.5932 0.947615
31.7959 31.7959 1.24414
30.9454 30.9454 1.07263
31.6506 31.6506 1.29765
31.4921 31.4859 0.839433
31.4454 31.4454 0.802018
31.2479 31.2479 0.81786
31.5875 31.5875 0.843549
30.8278 30.8278 1.26174
31.287 31.287 1.0334
31.7066 31.7066 0.970466
31.9689 31.9538 1.47244
31.5978 31.5978 0.879271
31.9968 31.9344 1.35844
31.0445 30.9575 0.565968
30.7643 30.7643 1.66174
31.7536 31.6675 1.31928
31.3348 31.3348 1.24871
31.7668 31.7668 1.08896
31.6432 31.4155 0.967853
30.0587 30.0587 2.05375
31.447 31.447 0.80772
31.6149 31.6149 1.02131
31.688 31.688 0.881088
31.1756 31.1756 0.862338
31.5848 31.5848 0.897035
31.0142 31.0142 0.923231
31.3242 31.3242 1.04494
31.6053 31.6053 0.920912
30.6827 30.6827 1.36604
31.6665 31.6665 1.00712
31.5275 31.4862 1.05415
28.8637 28.8637 2.86625
31.5452 31.5452 0.849857
31.2271 31.2271 1.46513
31.6479 31.6479 0.938307
30.2921 30.2921 2.46251
31.8103 31.8103 1.17153
29.4817 29.4817 2.62207
31.4708 31.4708 0.806721
29.3878 29.3878 2.79687
30.9262 30.9262 0.967952
31.0779 31.0779 0.649482
31.7819 31.7819 1.09462
30.9947 30.9947 1.71201
31.3832 31.3832 1.45985
31.29 31.29 1.34134
31.4561 31.4561 1.58292
30.9073 30.9073 0.723734
31.6861 31.6861 1.018
30.6302 30.6302 1.82911
31.4038 31.4038 0.736229
31.5314 31.5314 1.07263
30.6667 30.6667 1.02531
31.194 31.194 1.01678
31.0055 31.0055 1.14818
31.1018 31.1018 0.995062
31.3569 31.3569 0.797887
30.9431 30.9431 1.29875
31.0996 31.0996 0.977114
30.3175 28.6792 1.42822
30.6725 30.6725 1.72097
31.2535 31.2535 1.31012
31.4268 31.4268 1.27235
31.5752 31.5752 0.951597
31.2695 31.2695 1.08648
31.1511 31.1511 0.676135
31.1438 31.1438 1.57377
29.4964 29.4964 3.14252
31.3443 31.3443 1.12445
28.7687 28.7687 3.54353
30.9692 30.9692 1.38542
30.5888 30.5888 1.83505
31.1761 31.1761 1.56537
30.5986 30.5986 1.82617
31.798 31.798 1.24622
30.6018 30.6018 1.55304
31.6538 31.6538 1.02851
30.9099 30.9099 1.77961
CASE 1000
31.5706 31.5706 0.80467
31.0313 31.0313 1.00733
31.0487 31.0487 2.31668
31.9131 27.6677 0.461899
22.2818 22.219 1.7416
31.3445 31.3445 0.961758
31.7038 31.7038 0.878999
31.8903 31.8903 1.30695
30.5561 30.3944 2.36136
31.6385 31.6385 0.703381
31.9471 31.9471 1.44521
31.2404 31.2404 1.27407
31.9515 31.9515 1.29782
31.8683 31.8683 1.22394
31.7213 0.742613 0.720546
31.5382 31.5382 0.852266
29.6856 29.6856 3.16083
31.4716 2.31477 1.56442
30.1615 30.1615 2.96865
31.3983 31.3983 1.21368
31.2974 31.2974 1.04988
31.5765 31.5765 1.14097
31.4577 31.4577 1.22127
31.7839 31.7839 1.13411
30.8733 30.8733 2.22316
29.545 26.1492 2.56694
31.5726 31.5726 1.00729
29.118 29.118 3.55107
2.37686 2.04033 1.90997
31.6032 31.6032 0.968026
29.9289 26.1234 1.95331
30.7432 30.7432 1.77786
31.0396 31.0396 0.797922
31.7411 31.7411 0.882931
28.918 22.3109 3.55241
30.0187 30.0187 2.64718
31.3169 31.3169 1.08068
31.5238 31.5238 0.848365
31.6107 31.6107 1.01434
31.1189 31.1189 1.45427
31.0929 31.0929 0.725241
30.9685 30.9685 0.988878
31.8105 31.8105 0.925619
26.9553 21.9933 1.4641
30.7536 30.7536 1.2943
31.856 31.8015 0.418009
31.3332 31.3332 0.948288
31.8805 31.8805 1.31625
30.107 26.5195 2.01486
31.9297 31.9297 0.795427
31.2593 31.2593 0.914764
31.7507 31.7507 1.06304
31.3322 29.4696 1.09648
30.4634 31.308 1.13565
31.5822 1.1553 1.15535
6.26512 19.9177 5.10954
31.4531 31.4531 1.33521
30.6475 3.29296 1.51426
31.4949 31.4949 1.01421
31.7274 31.7274 1.00211
3.22002 29.0868 2.43568
22.1521 29.2468 1.2901
31.7805 31.7805 0.82323
31.1379 22.1737 1.45893
31.1813 30.2885 1.45449
31.6437 31.6437 0.983818
31.2297 31.2297 1.10319
30.9027 22.0826 1.21399
30.5322 30.5322 1.84356
31.1643 31.1643 1.50653
29.266 31.0627 1.28371
31.1325 31.1325 0.882512
3.03382 30.1227 1.77514
31.8752 31.8752 1.26848
31.818 31.818 0.503532
31.3239 22.3543 1.32526
21.6971 30.5433 1.65717
30.5971 30.5971 2.04179
31.1678 31.1678 1.47532
30.7478 30.7478 1.43394
31.0606 30.1819 1.00269
31.7107 29.694 0.638998
31.4533 1.04055 1.05317
30.6666 28.799 1.47202
31.7577 31.7577 0.835448
31.8082 31.8082 1.13946
29.7971 29.7971 3.33162
31.929 31.929 1.38151
31.4925 31.4925 0.77952
31.8502 31.8502 0.966508
30.2241 30.2241 2.05321
31.5123 27.4399 0.900332
31.4775 31.4775 0.74716
30.3304 30.243 1.65078
31.6135 27.4982 1.22511
31.3194 1.42907 1.1071
30.7287 30.7287 1.08537
29.5891 29.5891 2.46871
31.1352 31.1352 0.582442
31.6866 31.6866 0.952072
CASE 10000
2.23058 1.27054 1.4732
31.8966 31.8495 0.622448
31.555 31.555 0.921244
31.4561 22.5873 1.07559
31.6846 30.7244 1.03158
31.7717 31.7717 0.729738
0.802405 0.874682 0.774741
22.4003 1.23724 0.864717
1.41594 1.4169 1.41692
31.9545 31.9545 0.842234
31.5216 0.973814 0.840206
31.2216 22.1906 1.51071
31.4354 31.4354 1.13646
30.4366 30.4366 3.02663
31.5675 27.4591 1.13848
4.41921 3.65644 3.27383
31.2244 31.2244 0.793775
22.3516 22.3516 1.46857
31.8516 31.8516 1.07158
31.5439 31.5439 1.06081
31.5775 31.5775 0.916281
31.9613 31.9613 1.35741
31.8864 31.8864 0.605202
31.3693 22.307 0.593245
31.5269 31.5269 0.942818
22.4381 1.00037 0.632874
4.90622 4.90621 3.27987
0.907998 0.908008 0.792301
30.6879 30.6729 1.34044
21.2642 2.0792 1.69202
28.912 29.8379 1.07199
31.4256 27.4424 1.12827
21.6857 3.59031 3.3999
21.8406 2.04211 1.01171
31.7686 31.725 0.569773
30.6836 30.6836 1.6133
31.7584 31.7584 0.971052
5.67906 3.90783 4.6857
31.7461 0.608884 0.531955
31.3082 31.3082 1.0121
4.20181 2.81199 2.20704
31.1751 22.3206 0.86502
31.4176 29.5399 0.78353
31.9488 31.9195 0.565613
31.2478 31.2478 1.03633
22.3297 1.28799 1.29245
31.888 31.888 1.11025
31.9511 31.9511 1.30019
31.6624 30.7111 0.731428
0.945441 0.83227 0.904732
2.92169 2.66352 1.99227
31.8698 31.8698 1.16324
31.2187 29.5537 1.52464
31.3825 31.3825 0.856356
31.4572 0.928115 0.899845
31.4103 31.4103 1.37458
26.555 22.6336 2.40284
31.2469 29.3803 1.21328
31.8429 31.8429 0.403457
4.04711 3.85379 1.93377
2.18242 2.03036 1.17915
2.5854 2.04821 1.63862
31.9336 31.9336 0.715017
31.7794 22.529 0.796331
31.4461 31.4461 1.42097
2.54136 0.991154 3.87358
31.5776 31.5776 1.18758
31.1442 1.80803 1.68005
31.2541 27.2947 1.27487
31.6624 0.682887 0.715016
1.29499 2.72711 1.19652
30.9958 30.9958 1.59452
31.9426 31.9426 0.156216
31.575 31.575 0.642604
0.957824 0.979748 0.980088
9.90304 22.2716 1.70139
31.4147 31.4147 1.23541
30.663 1.0433 0.984355
30.8813 1.73397 1.59375
31.9269 22.6147 0.265847
31.9331 31.9331 1.0334
30.1896 30.1896 2.23909
31.1772 30.3018 1.41585
31.0682 1.89403 0.944581
22.0865 1.76528 1.51005
31.7391 29.7384 0.893725
29.4392 1.19599 1.00871
30.1881 2.40992 2.20919
14.9945 22.0595 1.89352
30.8617 30.8617 1.54264
31.6248 8.7797 0.866285
1.60175 1.75749 1.30811
31.6878 31.6878 0.786621
0.515153 22.5081 0.515171
31.0516 6.48577 1.04726
30.4878 28.6061 2.34331
31.4658 31.4658 1.07944
30.1493 2.45161 2.15417
0.571349 0.513492 0.522321
31.2864 1.92698 1.35826
CASE 100000
22.5847 0.172258 0.160605
1.36427 1.4836 0.966921
31.7346 31.7346 0.721051
0.97178 0.755561 0.813318
2.99915 2.99915 0.897583
1.02845 1.34296 1.43398
0.516643 0.536663 0.527706
0.809179 0.809179 0.840498
2.939 3.32764 1.10693
2.57483 2.3905 2.54889
0.257441 0.215787 0.215787
1.76312 1.76312 1.31157
2.29212 2.38145 1.95298
1.35254 1.31489 1.26715
22.4102 31.573 0.915795
19.3661 1.46848 1.96791
1.10285 4.25826 0.988905
1.52862 1.57757 1.47793
2.25977 2.33284 2.33284
0.974082 0.739383 0.801762
1.47001 2.43444 0.68641
1.72276 1.60322 1.54194
3.2295 2.53222 2.14629
1.58078 1.14543 0.710152
1.00607 0.875878 0.896
1.18101 1.31647 0.77785
31.7834 31.5733 0.502711
22.3104 22.3104 0.84537
5.91878 1.20848 1.39614
1.78387 2.07736 2.08652
1.5667 1.53465 1.17548
2.45888 2.45888 1.30561
0.563658 0.613187 0.60345
1.06102 1.04482 0.981414
0.775851 0.775851 0.773581
1.78753 1.7991 1.20222
22.5113 0.456679 0.399894
31.3632 31.3632 0.904667
1.56829 1.24516 1.20133
12.0558 1.00529 0.872886
2.62618 1.20453 1.58764
4.9526 2.12954 2.31952
1.0972 1.34289 1.31307
2.33251 2.34419 1.94402
1.40805 1.54391 1.83373
1.09213 0.928048 1.02342
0.232751 0.211192 0.21556
0.950267 0.888018 0.907015
0.415338 0.417051 0.417053
