CASE 100
0.646156 0.173246 0.118529
0.646355 0.0384822 0.216388
0.646826 0.0893285 0.233206
0.646191 0.160842 0.146277
0.648144 0.176157 0.155497
0.648034 0.173568 0.118592
0.646451 0.166211 0.145262
0.650394 0.187016 0.387614
0.646318 0.164764 0.143944
0.647644 0.19279 0.158984
0.648869 0.175375 0.397674
0.358231 0.324598 0.2506
0.646393 0.159398 0.11561
0.652172 0.189123 0.173731
0.646299 0.0329176 0.189732
0.649087 0.185764 0.385187
0.646116 0.322968 0.47335
0.646584 0.167192 0.143176
0.648813 0.184913 0.160025
0.646678 0.165747 0.119226
0.64608 0.162713 0.177789
0.64721 0.168464 0.391321
0.646624 0.0456071 0.19147
0.646093 0.16167 0.110113
0.363986 0.168789 0.345294
0.646093 0.174316 0.106878
0.647191 0.167531 0.154905
0.357723 0.17003 0.274863
0.648788 0.179526 0.112568
0.646315 0.044113 0.060033
0.646873 0.0462346 0.188567
0.646786 0.327181 0.475713
0.646987 0.332749 0.474162
0.646085 0.167212 0.142579
0.646105 0.16232 0.106817
0.653366 0.212185 0.156073
0.646127 0.17361 0.145152
0.647279 0.166286 0.154528
0.646566 0.0869996 0.234306
0.315513 0.171711 0.183932
0.646264 0.166801 0.139883
0.646077 0.163362 0.384394
0.358021 0.178065 0.378249
0.647596 0.174405 0.110717
0.646784 0.0326016 0.197949
0.648573 0.175805 0.14824
0.646191 0.16539 0.143404
0.37807 0.172769 0.400954
0.6482 0.0579651 0.205124
0.646318 0.172898 0.107849
0.646506 0.16636 0.151915
0.646224 0.164777 0.144629
0.646633 0.0389171 0.20397
0.649121 0.190167 0.146822
0.646168 0.326703 0.471826
0.647503 0.0906723 0.0610609
0.360452 0.166985 0.567205
0.648239 0.330608 0.473285
0.64608 0.167109 0.390425
0.647521 0.170601 0.111839
0.646867 0.177632 0.393835
0.648307 0.170129 0.166807
0.647072 0.170159 0.150493
0.646347 0.168308 0.384859
0.647958 0.0596781 0.196359
0.273747 0.214207 0.679736
0.365033 0.165355 0.378515
0.324855 0.165971 0.381608
0.0474799 0.0733291 0.0768547
0.649647 0.175823 0.168172
0.646291 0.168964 0.10788
0.647686 0.173266 0.122185
0.647225 0.165455 0.127066
0.358437 0.0845178 0.127259
0.328599 0.170173 0.330428
0.647151 0.171915 0.122431
0.646083 0.170542 0.137845
0.248315 0.267714 0.219803
0.357724 0.167014 0.142743
0.646329 0.0213562 0.0403985
0.323708 0.324451 0.254685
0.322233 0.166958 0.26725
0.314342 0.125964 0.30153
0.646224 0.163919 0.115949
0.646436 0.169909 0.136952
0.36668 0.168777 0.170028
0.646312 0.159887 0.149514
0.646112 0.171938 0.108795
0.209152 0.183466 0.16997
0.652263 0.21406 0.182015
0.647155 0.0386917 0.223787
0.648558 0.184142 0.160817
0.646126 0.174684 0.142004
0.35953 0.0678223 0.0813751
0.647816 0.184113 0.146898
0.646085 0.0311133 0.0427877
0.646544 0.164897 0.391022
0.646506 0.167364 0.118485
0.357724 0.0343434 0.261521
0.646085 0.326386 0.261451
0.358773 0.095771 0.0717677
CASE 1000
0.33155 0.208784 0.206086
0.067845 0.204831 0.189584
0.344167 0.0597392 0.0575454
0.022268 0.10495 0.0931072
0.427851 0.0122149 0.0253606
0.236932 0.114857 0.113201
0.33628 0.014781 0.0437976
0.0217207 0.0375463 0.0420433
0.349227 0.0734848 0.0729056
0.348843 0.0649389 0.0667523
0.332132 0.0167889 0.0129546
0.646016 0.0848188 0.082582
0.0568674 0.0789937 0.0749208
0.0835841 0.102237 0.0946822
0.0322675 0.177643 0.170966
0.192799 0.0168114 0.0335888
0.0875117 0.0222862 0.023528
0.0148421 0.0884267 0.0824379
0.161832 0.126883 0.118899
0.0210483 0.149903 0.162008
0.33296 0.0850622 0.089008
0.403348 0.0654158 0.0653017
0.300296 0.246283 0.238168
0.374967 0.0732174 0.0668122
0.349102 0.0838553 0.0720633
0.34963 0.0377944 0.0455484
0.25884 0.0790479 0.0777743
0.0371976 0.101002 0.100992
0.288781 0.239046 0.223832
0.0327501 0.0322752 0.021351
0.324673 0.118806 0.108591
0.357238 0.033717 0.0475204
0.348268 0.0348136 0.0426847
0.646055 0.179082 0.17131
0.183442 0.312886 0.296141
0.0359575 0.0394438 0.0388029
0.278435 0.0286833 0.0314533
0.0923504 0.0973688 0.0914235
0.10415 0.10847 0.107819
0.449159 0.0263431 0.00808188
0.349483 0.00820833 0.0289244
0.467241 0.17195 0.16875
0.347201 0.071729 0.0808546
0.026643 0.0359361 0.0333895
0.0623973 0.0568617 0.0525958
0.0557083 0.0297148 0.0283378
0.0679471 0.273002 0.25662
0.323497 0.105726 0.0948754
0.646066 0.0793976 0.0798118
0.164007 0.0353637 0.0332426
0.152495 0.117633 0.110473
0.018075 0.0188985 0.0133275
0.345364 0.0196607 0.0387164
0.163771 0.110317 0.100208
0.139644 0.0180339 0.0163695
0.646006 0.0484253 0.056451
0.100744 0.0846328 0.0833357
0.086489 0.116272 0.109699
0.45435 0.284362 0.321455
0.420918 0.225134 0.214215
0.168704 0.121556 0.116855
0.035463 0.208787 0.20132
0.0132636 0.100862 0.0997162
0.328437 0.086922 0.0747171
0.350221 0.0120375 0.0623579
0.194728 0.0208428 0.0247335
0.646177 0.177531 0.165923
0.221901 0.00229363 0.0176
0.234982 0.220173 0.207447
0.353608 0.117091 0.114451
0.0206989 0.0737807 0.0678786
0.208521 0.144193 0.140321
0.29761 0.026498 0.0158999
0.283546 0.184058 0.171507
0.349249 0.0127596 0.0354304
0.194092 0.0327795 0.0335747
0.353955 0.0387924 0.0469094
0.345039 0.0956619 0.0943283
0.314282 0.0591842 0.0594691
0.00397319 0.0931231 0.0931512
0.316753 0.283954 0.269554
0.348703 0.0209751 0.00322847
0.646033 0.163403 0.153399
0.151959 0.0328247 0.0289675
0.465265 0.198094 0.187682
0.34899 0.375017 0.344911
0.357526 0.118333 0.112782
0.166547 0.147685 0.143643
0.0617755 0.200189 0.18927
0.17103 0.0705748 0.0690614
0.0339019 0.0986211 0.0946705
0.345064 0.0626431 0.0683155
0.646019 0.0520361 0.0562492
0.349558 0.0868033 0.0818306
0.208267 0.143885 0.123328
0.219698 0.104289 0.0865827
0.267075 0.110546 0.109377
0.337591 0.03613 0.0359548
0.352454 0.121871 0.115159
0.326136 0.0290783 0.0275528
0.242289 0.148426 0.141536
CASE 10000
0.243324 0.0364906 0.026521
0.0619933 0.0259978 0.0195709
0.0761492 0.0128003 0.00729762
0.155824 0.00797031 0.0139497
0.0579458 0.0106818 0.0192202
0.00887821 0.0568431 0.0492363
0.164384 0.0517935 0.0445882
0.0443944 0.0171786 0.0220728
0.076259 0.00381541 0.00745905
0.0532657 0.0665984 0.0598343
0.0597241 0.0263027 0.0341643
0.0707254 0.0356952 0.0316592
0.0363224 0.00238456 0.00528015
0.0175963 0.021094 0.0274112
0.218075 0.0165214 0.0235645
0.0961942 0.0349684 0.0402788
0.152931 0.0174006 0.0217651
0.102421 0.00799917 0.0116587
0.0206009 0.0895309 0.0819834
0.0241764 0.029264 0.022081
0.0400699 0.0410628 0.0495497
0.13752 0.0292684 0.0201501
0.122298 0.0176581 0.0111308
0.0651154 0.0571175 0.0626106
0.0226271 0.0477995 0.0405036
0.0554816 0.0637461 0.0599918
0.0684434 0.0310048 0.0368512
0.119206 0.0762111 0.0707712
0.00303663 0.0174666 0.0223099
0.10667 0.0740585 0.0657606
0.073393 0.0920347 0.0877866
0.0347045 0.0146079 0.00743746
0.00594943 0.0289849 0.0211663
0.0213553 0.010847 0.0179552
0.0762266 0.0327485 0.0292795
0.34772 0.0142017 0.0150078
0.0529172 0.0116059 0.0174872
0.0272776 0.039412 0.0315419
0.0558127 0.011858 0.00953385
0.18287 0.027999 0.0318462
0.0837766 0.0229557 0.0213156
0.0929999 0.0615038 0.0543367
0.0316301 0.0373468 0.0311403
0.0638212 0.014324 0.0174366
0.088388 0.0533502 0.0582725
0.0301528 0.0113159 0.00454516
0.0565868 0.0178078 0.0126437
0.136332 0.0177158 0.0169362
0.157334 0.0366112 0.0314081
0.0627366 0.014496 0.0198959
0.0979014 0.0554116 0.0495855
0.00727599 0.0371603 0.0411445
0.0857191 0.0999619 0.0943078
0.284674 0.00845319 0.0139065
0.0232224 0.0548437 0.0611023
0.181131 0.0582949 0.065375
0.00635872 0.00506997 0.00368598
0.24228 0.0245622 0.0240856
0.120986 0.0231898 0.0310302
0.281565 0.0638704 0.0698647
0.0755586 0.0603712 0.0547253
0.139229 0.0447526 0.0512283
0.0113297 0.0815859 0.0870013
0.158471 0.0326314 0.029059
0.0176452 0.0469221 0.0422993
0.0716115 0.0731646 0.0791982
0.312676 0.0438572 0.0422333
0.10912 0.0457319 0.0537885
0.0254083 0.0362873 0.0302539
0.0625721 0.0215126 0.0183924
0.188413 0.0217505 0.0308147
0.200717 0.0220404 0.0297394
0.12213 0.0113704 0.0203716
0.205782 0.0111514 0.00889856
0.0526778 0.0127459 0.00875259
0.169442 0.0202905 0.0147958
0.0423982 0.0240237 0.0180625
0.0109422 0.0383416 0.0451168
0.174922 0.0234505 0.0307781
0.00535427 0.012092 0.0175404
0.197404 0.0404029 0.0372184
0.101886 0.0345203 0.0448616
0.0132092 0.0200073 0.0278287
0.0156679 0.0272739 0.021656
0.153023 0.0600213 0.0544523
0.0127385 0.0494705 0.0541831
0.171748 0.0171047 0.0102014
0.0580167 0.0266854 0.0209011
0.201601 0.0607884 0.0539092
0.169746 0.0389469 0.0352824
0.111044 0.0287789 0.0362999
0.128384 0.0181683 0.0228632
0.0193451 0.0855639 0.0786234
0.235294 0.036825 0.0336667
0.0531269 0.00582473 0.0055685
0.333952 0.0354952 0.0431399
0.164614 0.00539561 0.00700285
0.0273278 0.0278038 0.0222738
0.0369867 0.0388116 0.0324644
0.0340691 0.0479131 0.055109
0.0553541 0.00258572 0.00633156
CASE 100000
0.00404825 0.00256289 0.00857451
0.00150165 0.0183244 0.0116835
0.0442246 0.00669196 0.00247416
0.0652386 0.0103215 0.00542549
0.0269741 0.0113203 0.00515507
0.0810527 0.00513561 0.0111652
0.0217502 0.0116161 0.00538914
0.00249775 0.00990593 0.0033084
0.0358407 0.0061627 0.0126076
0.0149056 0.00803724 0.00240682
0.0416085 0.00887735 0.00197483
0.0516899 0.012014 0.00530858
0.00509024 0.0113852 0.0175538
0.029292 0.00655002 0.00245638
0.0138277 0.00111392 0.00510735
0.00780361 0.00670154 0.000944979
0.0250035 0.00422549 0.00279874
0.0559101 0.00265558 0.00535712
0.00713264 0.00346864 0.00951935
0.0177616 0.0227173 0.0162455
0.0212497 0.00929561 0.0151714
0.0422488 0.0290287 0.0229204
0.010226 0.0161596 0.0103153
0.00872539 0.00317432 0.00356632
0.0418926 0.0208376 0.0146686
0.0123286 0.0265677 0.0200395
0.0174344 0.00796088 0.014611
0.0174936 0.00222884 0.00817887
0.00539343 0.00699784 0.00244113
0.00665913 0.0177913 0.0110051
0.0330145 0.00527444 0.00246839
0.0175834 0.00710974 0.00140047
0.0827584 0.0111426 0.0054008
0.0157957 0.0275205 0.0215752
0.0800153 0.00788758 0.00572365
0.0611884 0.00891585 0.00427425
0.0385611 0.0113285 0.0178706
0.0166437 0.0101536 0.00411277
0.0233959 0.00886116 0.00234937
0.0265883 0.00801397 0.0142823
0.0572847 0.0177642 0.0117836
0.0403557 0.00655536 0.0031891
0.0133125 0.00966045 0.00360633
0.00864528 0.00266643 0.00890748
0.0759249 0.00866662 0.00540353
0.0357122 0.002521 0.00430344
0.0949724 0.00454938 0.00501396
0.0667616 0.00921469 0.0152206
0.00248261 0.0168185 0.00980897
0.0154558 0.00365058 0.00998334
0.0362933 0.03597 0.0301265
0.0197058 0.0117497 0.0174587
0.00173274 0.0138353 0.0074318
0.034889 0.0210914 0.0149096
0.00407778 0.00540326 0.00202193
0.0179439 0.0190983 0.0133651
0.13701 0.00344366 0.00905388
0.0254517 0.00645882 0.0125654
0.0406918 0.00035696 0.00653985
0.0171464 0.00346344 0.0100159
0.028982 0.0135684 0.00738794
0.0387141 0.0024088 0.00534428
0.0852265 0.00512335 0.00627049
0.0336046 0.0178442 0.0113369
0.00820584 0.0230878 0.0166933
0.0801576 0.00192637 0.00746529
0.0960997 0.000452816 0.00717173
0.0506519 0.014906 0.0080584
0.051651 0.00353765 0.00553435
0.0810077 0.00774996 0.00520818
0.0210616 0.00651686 0.00167159
0.00216702 0.0151951 0.0217468
0.034849 0.00312971 0.00397681
0.0648302 0.00329298 0.00616317
0.00296535 0.0256642 0.0196517
0.014267 0.0176963 0.0241037
0.0618695 0.00517024 0.0114778
0.0773187 0.0143287 0.0089097
0.0296143 0.0241786 0.018543
0.0470093 0.00523471 0.00392522
0.0760762 0.00410854 0.00287166
0.00464582 0.0176314 0.0240375
0.0306 0.00718808 0.00190343
0.0857763 0.0087017 0.00450036
0.00281646 0.0042226 0.0102627
0.0343564 0.00384626 0.010748
0.00862505 0.00820168 0.0144933
0.0466943 0.0179277 0.0113212
0.0499221 0.0106239 0.00425773
0.0317954 0.011163 0.00439906
0.0119706 0.00562966 0.0115665
0.067237 0.0153845 0.00972971
0.0865102 0.0130649 0.00613869
0.0246514 0.00506592 0.00638013
0.0121068 0.0225655 0.0283521
0.0485076 0.0123104 0.00628634
0.00351756 0.00527896 0.0116022
0.0537126 0.00455389 0.00978457
0.0272463 0.0126419 0.0064177
0.0210103 0.0114863 0.00484158
0.0128747 0.0137287 0.00760135
CASE 0
