CASE 100
2.47012 1.79908 0.389421
0.399619 0.399619 0.229629
0.163121 0.152279 0.102228
0.677376 0.717227 0.448512
2.79517 2.79517 0.237549
0.171689 1.93625 0.156193
2.54026 2.54026 0.188646
2.39758 2.39758 0.215433
2.64323 0.104935 0.14776
2.61095 0.148825 0.110874
2.41678 1.9687 0.11325
1.92275 0.157731 0.120143
0.187112 0.171333 0.171333
0.597127 0.597127 0.527601
1.97747 2.60479 0.0463879
2.74494 2.74494 0.101315
2.17628 2.17628 0.22215
0.554217 0.554217 0.381785
0.41514 0.412878 0.413485
2.5936 2.00191 0.11103
0.189984 0.0956639 0.0956639
2.71834 2.71834 0.180739
2.32431 2.4724 0.2266
1.0886 0.28098 0.783876
0.698714 0.698714 0.204884
2.64765 0.320207 0.204569
0.464294 0.464294 0.191161
2.81299 2.81299 0.025244
1.889 0.410201 0.282081
0.467831 0.474899 0.291717
2.72853 2.72853 0.154703
0.863833 1.92447 0.151793
2.3479 0.127577 0.12758
2.52296 2.26835 0.437546
0.187737 0.106683 0.0886
2.77199 2.60535 0.0719177
0.105979 0.105979 0.105979
2.76898 2.76898 0.15209
0.694117 0.581916 0.28267
2.36125 0.347884 0.155666
0.900715 0.789361 0.500679
0.893821 1.14055 0.124519
0.646442 0.254865 0.254876
0.215697 0.216194 0.259766
1.44786 0.286081 0.379381
2.56695 0.394549 0.394549
0.164548 0.0948714 0.0948714
2.41867 1.81439 0.308445
0.327631 2.2732 0.253374
0.158268 0.158268 0.199294
2.54518 2.3828 0.0549151
0.381183 0.37942 0.373714
0.455063 0.455063 0.136921
2.66968 2.66968 0.0837769
0.333249 0.613279 0.463976
1.94341 0.233323 0.223475
0.359345 0.339086 0.20582
2.43098 0.0556432 0.0556483
2.05954 0.178098 0.0853365
0.126121 0.163807 0.163819
0.986495 1.89991 0.382344
0.428827 0.540297 0.211533
1.84489 1.26695 0.106055
0.341766 0.341766 0.2324
0.168863 0.167817 0.173443
2.65673 2.65673 0.495931
2.81549 1.99452 0.0520443
2.53709 2.53709 0.409839
1.20126 1.20126 0.172512
0.290755 0.241101 0.241101
0.171839 0.171836 0.244082
0.257043 0.192533 0.163946
0.0668918 0.0668918 0.0662943
2.57005 0.475795 0.206735
2.45055 0.705456 0.260487
2.71406 1.92753 0.17653
0.383662 0.383662 0.152106
2.81995 2.81995 0.0143355
1.89788 1.05134 0.122018
2.65572 0.187128 0.174996
0.182868 0.182868 0.0976917
0.797403 0.340453 0.307409
0.209486 0.1776 0.151725
2.63872 0.0100193 0.0100385
2.73277 2.40361 0.0830792
0.623351 0.615114 0.32679
0.187486 0.130749 0.130749
2.77364 2.77364 0.213589
2.53696 1.84703 0.235835
0.146552 0.146552 0.0861471
1.0423 1.28023 0.135108
2.61644 2.61644 0.131749
0.303838 0.303838 0.186934
1.94619 1.96705 0.125988
0.23832 0.23832 0.250425
2.5119 2.5119 0.21859
0.490785 0.830077 0.351744
0.299415 0.306821 0.230253
0.842795 0.831406 0.200034
2.53973 2.53973 0.277376
CASE 1000
0.296689 0.261577 0.242347
0.105988 0.0979481 0.0979481
0.106985 0.107537 0.107538
0.120615 0.120615 0.144426
1.9397 0.0746121 0.0746128
0.276112 1.92606 0.118889
0.273496 0.232091 0.232091
0.263671 0.219151 0.404435
0.375126 1.65995 0.138328
2.74238 0.184212 0.0763334
1.17705 0.150168 0.150168
2.82168 2.82168 0.00835544
2.41204 2.77372 0.118755
0.151845 0.159169 0.295151
0.390961 0.119843 0.119843
0.245987 0.164956 0.200254
2.59279 1.52792 0.126061
0.274422 0.274422 0.148291
0.908295 0.101824 0.101824
0.102556 0.0996228 0.1361
0.239708 0.179952 0.153745
2.67985 0.534768 0.12921
0.285142 0.206733 0.139383
0.191114 0.205772 0.11339
0.145987 0.145987 0.119908
0.0743854 0.0795771 0.0795775
0.137413 0.158571 0.158571
0.223241 0.223241 0.227631
0.392746 0.135726 0.135726
0.243042 0.218147 0.218147
0.190946 0.169826 0.149233
0.381209 0.381209 0.177517
0.145297 0.152429 0.1503
0.192823 0.136806 0.196873
0.120772 0.116635 0.0960863
2.82347 2.82347 0.198832
0.120648 0.137607 0.147715
0.238845 0.208575 0.0368923
0.211193 0.0984366 0.22641
0.121958 0.103182 0.103182
0.173736 0.114088 0.108306
0.714886 0.735299 0.105052
0.206168 0.175405 0.175405
0.332446 0.153505 0.0553044
2.7971 2.7971 0.181787
0.322159 0.193312 0.193312
0.184398 0.478241 0.151318
0.362284 0.365629 0.274837
0.224979 0.249404 0.285589
0.132127 0.155051 0.189029
2.52606 0.188667 0.188667
2.7455 0.147783 0.0952883
0.370925 0.159215 0.121841
2.35024 2.35024 0.0289544
0.122946 0.13785 0.107127
0.184087 0.184087 0.234217
0.412283 0.412283 0.273943
0.0456911 0.0517095 0.0545104
0.148917 0.152769 0.152769
2.7081 0.115421 0.115413
0.0871175 0.0871175 0.0929474
0.370636 0.365134 0.372632
2.76072 2.76072 0.0873912
0.242959 0.255571 0.255575
0.417726 0.379556 0.253449
0.152119 0.139458 0.144193
0.494101 0.273146 0.273146
0.296233 0.283846 0.0711949
0.126954 0.521782 0.0986268
0.0233669 0.018364 0.0178534
1.98374 0.0329475 0.0329475
0.253984 0.180976 0.180976
0.462136 0.272863 0.362679
0.0772971 0.078426 0.078426
0.281364 0.276665 0.245547
0.100519 0.150999 0.150999
0.226386 0.22068 0.22004
0.0940833 0.0940833 0.0940833
0.286572 0.185187 0.17855
0.182418 0.227466 0.182163
0.266506 0.266033 0.440548
0.166145 0.217738 0.17492
0.59418 0.172479 0.211707
0.157071 0.0433687 0.0433687
0.113037 0.112962 0.0919225
0.262736 0.220939 0.209506
0.224666 0.216008 0.14477
0.121311 0.121311 0.117426
0.11555 0.105478 0.105479
0.0879633 0.23104 0.182964
0.157336 0.157331 0.152669
0.162431 0.139107 0.13847
0.104575 0.265844 0.271502
0.13551 0.0826161 0.0737194
0.259061 0.22316 0.181716
0.0822515 0.0822515 0.0699125
0.135775 0.254514 0.116211
0.170389 0.170389 0.121615
0.252317 0.0429387 0.0429387
0.158199 0.153817 0.163612
CASE 10000
0.23214 0.23214 0.2259
0.13871 0.115873 0.116346
0.0842536 0.0803011 0.0803011
0.168348 0.161187 0.161187
0.227939 0.111331 0.107773
0.0490254 0.0490254 0.0490254
0.193112 0.1359 0.150021
0.0881678 0.0975737 0.0975737
0.190947 0.181774 0.181774
0.205229 0.189839 0.189839
0.192122 0.0269937 0.0269937
0.300867 0.174058 0.156174
0.0595743 0.0673266 0.0592582
0.111639 0.11396 0.134887
0.17905 0.190262 0.190262
0.129813 0.129813 0.189639
0.104104 0.0816488 0.0597705
0.203251 0.162377 0.162377
0.432665 0.0963259 0.0749709
0.255087 0.220298 0.257238
0.174606 0.176624 0.176624
0.0410776 0.0433419 0.0433419
0.0861351 0.0925447 0.0925447
0.104856 0.11054 0.11054
0.137967 0.139166 0.120858
0.218654 0.217097 0.224123
0.0701069 0.0701069 0.0701069
0.0598724 0.0598724 0.0595748
0.0296017 0.0296017 0.0297577
0.253072 0.253072 0.265914
0.0857798 0.0857798 0.0857798
0.11483 0.11483 0.079025
2.39716 2.74774 0.0842287
0.141885 0.197725 0.170494
0.264774 0.216456 0.136693
0.124103 0.124103 0.120258
0.0733241 0.0905198 0.0905198
0.0987766 0.0959751 0.0959751
0.0277203 0.0309051 0.0280488
0.090252 0.0999952 0.0999952
0.14421 0.250589 0.240188
0.0994443 0.115871 0.115871
0.108426 0.108426 0.107629
0.190573 0.181748 0.191312
0.135893 0.135893 0.135893
0.240839 0.257964 0.300775
0.72332 0.0237913 0.023368
0.149434 0.149434 0.149434
0.225693 0.22717 0.229555
0.124693 0.0744092 0.0744092
0.115535 0.115535 0.12164
0.0301787 0.0343246 0.0297068
0.17035 0.219996 0.219996
0.131742 0.131836 0.109004
0.0426803 0.0408036 0.0408036
0.108509 0.108509 0.108509
0.276301 0.234944 0.268378
0.15932 0.0817523 0.0817523
0.207253 0.196994 0.150617
0.233091 0.233091 0.152238
0.00597217 0.00597485 0.00597505
0.138034 0.135038 0.0996946
0.220517 0.220517 0.247951
0.177977 0.177977 0.0914081
0.146902 0.146902 0.144165
0.0453664 0.0411418 0.0411418
0.141517 0.162046 0.162046
0.0718145 0.0718145 0.0872139
0.282095 0.273233 0.273233
0.109262 0.0966728 0.0966728
0.115899 0.13814 0.13814
0.0426623 0.0480362 0.0463719
0.284258 0.284258 0.294023
2.75332 0.0787239 0.0787239
0.212757 0.222974 0.188663
0.202019 0.245679 0.209929
0.0786446 0.0790041 0.0777357
0.274188 0.274188 0.257596
0.0960015 0.109181 0.109181
0.173665 0.100772 0.147595
0.128784 0.116603 0.109931
0.105688 0.115476 0.115476
0.171429 0.164112 0.158147
0.106374 0.121385 0.118428
0.152386 0.149058 0.0983315
0.0367939 0.0381335 0.0381335
0.192695 0.191927 0.191927
0.157657 0.157657 0.18976
0.0863545 0.0883511 0.0883511
0.168078 0.166509 0.166509
0.203303 0.203303 0.19328
0.0559829 0.0552756 0.0552756
0.0889742 0.0889742 0.0897641
0.0679019 0.110874 0.0516182
0.096071 0.119409 0.11089
0.150242 0.1268 0.139643
0.12081 0.1217 0.1217
0.0710417 0.0710417 0.0594872
0.3814 0.348005 0.3534
0.140892 0.142649 0.141542
CASE 100000
0.569579 0.121732 0.0891978
0.147704 0.145172 0.141933
0.211239 0.229491 0.224962
0.0712412 0.0713758 0.0707145
0.118741 0.117894 0.117894
0.163482 0.0772778 0.0838549
0.145692 0.14198 0.14198
0.196956 0.196956 0.195909
0.0744845 0.103485 0.0775486
0.0376709 0.0382127 0.0382127
0.246749 0.246605 0.240821
0.0523528 0.0519327 0.0519327
0.134546 0.131891 0.131891
0.108269 0.124793 0.124793
0.158176 0.159956 0.170309
0.0610923 0.055502 0.055502
0.246306 0.289032 0.289032
0.114481 0.114481 0.114069
0.162031 0.177141 0.177697
0.169164 0.168234 0.168234
0.103094 0.103094 0.10842
0.168008 0.166807 0.172427
0.0913015 0.122514 0.26674
0.0982318 0.109158 0.109158
0.123473 0.123671 0.123671
0.0659282 0.0655987 0.0655987
0.138867 0.138867 0.132679
0.225923 0.208362 0.208362
0.107752 0.107752 0.091825
0.0541609 0.0541609 0.0528943
0.168976 0.0953775 0.120676
0.187521 0.187521 0.177093
0.135921 0.12686 0.139582
0.13588 0.136202 0.197115
0.137415 0.126782 0.117313
0.138631 0.157841 0.155474
0.235251 0.235315 0.235315
0.119259 0.102255 0.102255
0.118161 0.118161 0.118161
0.0604492 0.0604492 0.0599473
0.125645 0.131072 0.131072
0.139659 0.141439 0.152903
0.278101 0.279829 0.279829
0.131186 0.131186 0.131186
0.111785 0.123979 0.123979
0.226062 0.226062 0.199707
0.239228 0.157956 0.0897411
0.205779 0.205779 0.212611
0.0825043 0.083936 0.083936
0.111539 0.111539 0.0941205
0.0663717 0.0663717 0.041702
0.0270212 0.0270212 0.0270324
0.1446 0.1446 0.147237
0.137178 0.122857 0.122857
0.186975 0.209333 0.209333
0.130869 0.117438 0.117438
0.0160174 0.0131297 0.0131297
0.0827516 0.0817581 0.080963
0.097982 0.256345 0.132671
0.0492554 0.0492554 0.0649756
0.140195 0.146449 0.103791
0.166532 0.166532 0.200539
0.0716562 0.0716562 0.0716562
0.133729 0.135285 0.135285
0.231185 0.228044 0.228044
0.0874961 0.0789704 0.0804267
0.0538857 0.053701 0.053701
0.0225332 0.0267509 0.0267509
0.127247 0.128423 0.127075
0.00439091 0.00438392 0.00438392
0.091236 0.0737691 0.0722808
0.200976 0.200976 0.200976
0.167448 0.164557 0.164557
0.172448 0.172448 0.172941
0.160604 0.160604 0.160604
0.371881 0.359543 0.35962
0.1217 0.129638 0.129638
0.0542747 0.0528592 0.0528592
0.119829 0.12031 0.123911
0.213917 0.213917 0.213917
0.187053 0.113799 0.136117
0.0598207 0.0806826 0.0702241
0.147356 0.0998825 0.111642
0.109913 0.116248 0.106777
0.0277858 0.0277858 0.0277871
0.122043 0.0893553 0.0868303
0.226541 0.226541 0.225387
0.154534 0.154534 0.154534
0.0796132 0.0796132 0.0803523
0.179012 0.179012 0.184311
0.0984494 0.0703376 0.0915389
0.208646 0.208646 0.197895
0.112509 0.105668 0.105668
0.171613 0.171613 0.173714
0.0969629 0.0969629 0.109015
0.218002 0.181542 0.181542
0.100709 0.100709 0.100709
0.0637034 0.0637034 0.0645162
0.0624508 0.0606538 0.0606538
0.212492 0.0301069 0.0192418
CASE 0
