CASE 100
0.0987435 0.0987435 0.0889962
0.110726 0.110726 0.110734
0.171704 0.171704 0.082177
0.0747215 0.0869385 0.0869385
0.0250369 0.0250369 0.0250378
0.0852205 0.0852205 0.0852205
0.0904324 0.0909595 0.0909595
0.0899099 0.0899099 0.0726811
0.146897 0.146897 0.146921
0.0579611 0.0281606 0.0281606
0.00455919 0.00455919 0.0045911
0.07757 0.07757 0.07757
0.0624994 0.0624994 0.136615
0.0716914 0.124395 0.116405
0.150846 0.136002 0.136002
0.0172429 0.0172429 0.0205593
0.0895673 0.0895673 0.134675
0.956253 0.956253 0.0547003
0.0265349 0.0265349 0.0212692
0.0651285 0.0651285 0.0727459
0.630221 0.630221 0.124065
0.110504 0.110504 0.131663
0.157458 0.157458 0.139992
0.0831274 0.112884 0.112884
0.0452677 0.0504588 0.0504588
0.122694 0.122694 0.139506
0.155059 0.155059 0.155072
0.134351 0.134351 0.134351
0.0911958 0.105309 0.105309
0.476532 0.476532 0.249977
0.141756 0.0665981 0.0665981
0.047503 0.127852 0.127852
0.100657 0.100657 0.100657
1.38678 1.38678 0.0336241
0.399586 0.399586 0.14762
0.0982545 0.0982545 0.0995777
0.290743 0.290743 0.0822826
0.052663 0.052663 0.0535791
0.474569 0.474569 0.166293
0.0981197 0.0981197 0.0981197
0.421963 0.0608972 0.0608972
0.990073 0.0183843 0.0181386
0.138852 0.138852 0.151648
0.0523319 0.0523319 0.0523319
0.0449719 0.0370633 0.0370633
0.120988 0.120988 0.120988
0.0231711 0.0231711 0.115875
0.0816581 0.0816581 0.0816581
0.198954 0.154888 0.154888
0.0472661 0.0414048 0.0414048
0.0350526 0.0350526 0.0404715
0.0807416 0.0229151 0.0229151
0.10539 0.0421717 0.0421071
0.089831 0.0817784 0.0817784
0.0441158 0.0497026 0.0497026
0.226135 0.226135 0.0895348
0.195411 0.195411 0.160017
0.0324631 0.0324631 0.0324789
0.203091 0.203091 0.162291
0.304032 0.304032 0.232726
0.461356 0.461356 0.087717
0.114219 0.171484 0.171484
0.0866511 0.0866511 0.0866511
0.10606 0.107233 0.107233
0.0589208 0.0589208 0.0589208
0.123473 0.123473 0.123473
0.112188 0.106857 0.106857
0.100612 0.100612 0.100641
0.0126432 0.0126432 0.0126713
0.264674 0.264674 0.0804864
0.14082 0.14082 0.147894
0.138204 0.0726994 0.0726994
0.174723 0.174723 0.108612
0.0878129 0.0878129 0.0878129
0.101409 0.101409 0.101409
0.149946 0.149946 0.101917
0.124863 0.124863 0.0964675
0.331235 0.331235 0.195324
0.0578437 0.0578437 0.0565975
0.0409519 0.0758713 0.0758713
0.0734548 0.0421588 0.0421588
0.413581 0.413581 0.405793
0.203309 0.203309 0.203326
0.113678 0.113678 0.106265
0.122047 0.122047 0.0911609
0.946776 0.0730377 0.0730378
0.163608 0.163608 0.117315
0.131672 0.131672 0.131672
0.0571278 0.0980267 0.0980361
0.060421 0.0393665 0.0393665
0.0055467 0.0055454 0.00557019
0.0672768 0.0672768 0.0668211
0.498206 0.498206 0.294883
0.109099 0.109099 0.109099
0.0376826 0.0376826 0.0376826
0.0962214 0.0962214 0.0962214
0.061264 0.061264 0.061264
0.0453917 0.0453917 0.0453917
0.991982 0.991982 0.0184461
0.0546937 0.0829927 0.0829927
CASE 1000
0.0431176 0.0431176 0.0431176
0.0494646 0.0494646 0.0513427
0.068015 0.0632528 0.0632528
0.078732 0.078732 0.078732
0.339208 0.120321 0.120321
0.0382071 0.0382071 0.038231
0.0498612 0.0498612 0.0582498
0.0551466 0.0271922 0.0271922
0.0101104 0.0101104 0.0105252
0.0919381 0.0805886 0.0805886
0.105032 0.118923 0.118923
0.0592645 0.0592645 0.0594221
0.103561 0.103561 0.120792
0.0724637 0.0724637 0.0790466
0.110404 0.110404 0.110404
0.115586 0.11196 0.11196
0.116023 0.116023 0.106848
0.0490578 0.0494756 0.0494756
0.0970047 0.0970047 0.100435
0.0411583 0.0412326 0.0412326
0.0793845 0.0959041 0.0959041
0.0573073 0.0573073 0.0647388
0.0450506 0.0450506 0.0449868
0.092359 0.092359 0.092359
0.0302449 0.0305725 0.0305725
0.0828062 0.0828062 0.0712024
0.0245575 0.0245616 0.0245616
0.0884594 0.0665161 0.0665161
0.055703 0.055703 0.0454967
0.0696357 0.0696357 0.0696357
0.0653255 0.0645403 0.0645403
0.0618375 0.0618375 0.0579416
0.0292071 0.0278048 0.0278048
0.0145248 0.0147409 0.0147409
0.0368919 0.0368919 0.0368919
0.0342029 0.0342029 0.0330754
0.0429772 0.0429772 0.0319509
0.986269 0.00730359 0.00730251
0.061024 0.0576543 0.0576543
0.0445475 0.0445475 0.0360251
0.0141658 0.0141658 0.0132834
0.0698662 0.0698662 0.0289487
0.9518 0.9518 0.0632214
0.123059 0.123059 0.0997345
0.0549565 0.0549565 0.0478207
0.177332 0.177332 0.129766
0.101961 0.101961 0.0711793
0.161243 0.161243 0.115686
0.0411889 0.0393851 0.0393851
0.0135381 0.00820968 0.00821047
0.0282812 0.0282812 0.0282812
0.0367456 0.0367456 0.0362201
0.0277226 0.00912935 0.00912935
0.0503748 0.0492204 0.0492204
0.0555746 0.0555746 0.0549915
0.0577924 0.0555282 0.0555282
0.04232 0.0420288 0.0420288
0.12684 0.12684 0.0708425
0.109513 0.101403 0.101403
0.340118 0.340118 0.34015
0.0694381 0.0694381 0.0694381
0.118463 0.118463 0.118463
0.0653085 0.0695492 0.0695492
0.175416 0.175416 0.112256
0.123868 0.113034 0.113034
0.0589922 0.0589922 0.0589922
0.0557164 0.0571478 0.0571478
0.0604896 0.0604896 0.0604896
0.052602 0.052602 0.0827843
0.119693 0.119693 0.143355
0.0376801 0.0376801 0.0376801
1.3903 1.3903 0.0676455
0.101472 0.101472 0.110295
0.0487482 0.0320512 0.0320512
0.0769993 0.0769993 0.0769993
0.0717449 0.0717449 0.0601117
0.0341668 0.0341668 0.0298957
0.0775016 0.0775016 0.0775016
0.0483462 0.0483462 0.048963
0.0621483 0.0621483 0.0621483
0.0951324 0.0951324 0.0951324
1.18385 0.0299881 0.0299881
0.037223 0.037223 0.037223
0.0598029 0.0598029 0.0598029
0.039199 0.039199 0.039199
0.0631956 0.0676651 0.0676651
0.075685 0.075685 0.075685
0.0369646 0.037039 0.037039
0.0304806 0.0312285 0.0312285
0.168966 0.168966 0.168966
0.112918 0.111036 0.111036
0.0142934 0.0142934 0.0142934
0.128398 0.129676 0.129676
0.0635179 0.0635179 0.0635179
0.0664447 0.0664447 0.0356432
0.105945 0.106444 0.106444
0.129042 0.129042 0.129042
0.102618 0.0748022 0.0748022
0.104176 0.0906973 0.0906973
0.127195 0.127195 0.128105
CASE 10000
0.0738401 0.0738401 0.0738401
0.129627 0.129118 0.129118
0.061676 0.0577634 0.0577634
0.0549966 0.0549966 0.0549966
0.105965 0.105965 0.102378
0.0513893 0.0507465 0.0507465
0.11213 0.11213 0.108002
0.104756 0.104756 0.104756
0.0628848 0.0618479 0.0618479
0.0801766 0.0801766 0.0814698
0.0995335 0.0949723 0.0949723
0.0819282 0.0819282 0.0813591
0.0189367 0.018972 0.018972
0.0374542 0.0374542 0.0374542
0.00820765 0.00820765 0.00820765
0.0319351 0.0366992 0.0366992
0.0515606 0.0515606 0.0515606
0.0560834 0.0556062 0.0556062
0.0930208 0.0930208 0.0938604
0.105721 0.105721 0.105721
0.0951995 0.0951995 0.0951995
0.0751047 0.0751047 0.0751047
0.063307 0.063307 0.063307
0.0462956 0.0462956 0.0462956
0.0473125 0.0473125 0.0473125
0.0756002 0.052303 0.052303
0.106472 0.125532 0.125532
0.0556657 0.0556657 0.0507224
0.037967 0.037967 0.0356343
0.063625 0.063625 0.063625
0.0729346 0.0729346 0.0729346
0.0637372 0.0625503 0.0625503
0.023058 0.0229556 0.0229556
0.0285374 0.0285374 0.0285374
0.0774272 0.0774272 0.0837416
0.129735 0.127185 0.127185
0.0154967 0.0154967 0.0154967
0.0912825 0.0912825 0.0912825
0.102638 0.103971 0.103971
0.0493609 0.0493609 0.0493609
0.0672489 0.0672489 0.0683255
0.119669 0.119669 0.119669
0.0397622 0.0397622 0.0602106
0.0165686 0.0165686 0.01662
0.0936252 0.0960555 0.0960555
0.0541543 0.0541543 0.0517239
0.0594752 0.0594752 0.0594752
0.0667939 0.0667939 0.0593152
0.0501926 0.0501926 0.0501926
0.0792804 0.0792804 0.0764877
0.153991 0.153991 0.174072
