CASE 100
10.5454 10.5454 1.37061
10.5454 2.94421 1.35586
10.5454 10.5454 1.43455
10.5454 10.5454 1.43455
10.5454 9.475 1.30662
10.3201 1.66194 1.29746
10.5454 10.4321 1.48868
10.5454 10.5454 1.33164
10.5454 10.5454 1.43455
3.73228 9.84181 1.28688
10.5454 9.48541 1.29746
10.5454 10.5454 1.34491
10.5454 9.52986 1.25882
10.5454 7.67428 1.43455
10.5454 10.5454 1.38845
10.5454 10.1708 1.37061
10.5454 9.57054 1.30662
10.5454 10.3132 1.34491
10.5454 10.5454 1.34491
10.5454 9.50595 1.58495
10.5454 10.5454 1.37061
10.5454 10.0971 1.2941
10.5454 10.0927 1.61487
10.5454 10.5454 1.37061
10.5454 10.5454 1.37061
10.5454 10.4062 1.25882
10.5454 10.3921 1.23574
10.5454 10.5454 1.34419
10.5454 10.2495 1.43455
10.5454 10.5454 1.2941
10.5453 10.5454 1.43455
10.5454 9.64614 1.33164
2.14402 10.5454 1.32371
10.5454 10.5454 1.34491
2.14403 9.23232 1.25882
10.5454 9.56964 1.31852
10.5454 9.54875 1.2941
10.5454 10.5454 1.43455
10.5453 10.5453 1.43455
10.5454 10.5454 1.43455
10.5454 9.3556 1.33164
10.5454 10.0264 1.23373
10.5454 9.51174 1.60013
10.5454 9.39324 1.2941
10.5454 2.14403 1.34491
10.5454 9.24658 1.43455
10.5454 10.5454 1.43455
10.4414 1.91537 1.24712
10.5454 10.5454 1.37061
10.3261 10.5454 1.32371
10.5454 10.5454 1.33164
10.5454 10.5454 1.43455
10.5454 1.54604 1.39426
10.5454 10.5454 1.43455
10.5454 10.5454 1.38845
10.5454 10.1708 1.36128
10.3674 10.3092 1.36128
10.5454 10.5454 1.43455
9.33348 9.56863 1.33182
10.5454 10.5454 1.43455
9.29869 7.67428 1.43455
10.5454 10.5454 1.51336
10.5454 10.5454 1.31852
10.5454 10.5454 1.33164
10.5454 10.5454 1.37061
10.5454 10.5454 1.43455
10.5454 10.5454 1.39738
10.5454 10.4062 1.22851
10.5454 10.5454 1.43455
10.5454 10.3661 1.34491
10.5454 10.5454 1.34491
10.5454 7.74198 1.43455
10.5454 10.5454 1.34491
10.5454 10.5454 1.33164
10.5454 10.5454 1.37061
10.5454 7.74197 1.33164
10.5454 10.5454 1.43455
10.5454 9.54727 1.39738
10.5454 10.5454 1.33164
10.5454 7.65696 1.43455
10.5454 9.64614 1.33164
10.4078 10.5454 1.34491
10.5373 9.2556 1.24354
10.5704 10.5454 1.31852
10.5454 9.25706 1.30662
10.1625 9.03462 1.36163
10.5454 1.68139 1.241
10.5454 10.5454 1.37061
2.14403 10.4078 1.56236
10.5454 10.5453 1.33182
10.5454 9.30198 1.36178
10.5454 10.3411 1.45092
10.5454 10.5454 1.43455
8.22937 10.1259 1.34491
10.5454 9.3556 1.43455
10.5454 10.5454 1.34491
10.5454 10.5278 1.23574
10.5454 9.3556 1.34491
10.5454 7.82218 1.37061
10.5454 10.5454 1.36128
10.5454 10.5454 1.34491
10.5454 9.3556 1.37061
10.5454 10.5454 1.32371
10.5454 9.64613 1.31852
10.5454 10.5454 1.34491
10.5454 7.63838 1.28688
9.37493 10.0692 1.29746
10.5454 10.5454 1.37061
10.5454 10.1708 1.33164
10.5454 7.74197 1.33164
10.5454 10.5454 1.40812
10.4479 7.75122 1.33164
10.5454 10.3779 1.37061
10.5454 10.5454 1.29746
10.5454 10.5454 1.43455
10.5454 8.26952 1.43455
10.5454 10.5454 1.37061
10.5454 9.2303 1.34491
10.5454 10.5454 1.34491
10.5454 10.5454 1.3196
10.5454 9.24469 1.33182
10.5454 10.5454 1.37061
10.5454 10.5454 1.33164
10.5454 10.5454 1.33164
2.84434 9.97818 1.45092
10.5454 7.66461 1.30662
10.5454 7.71063 1.31999
10.5454 10.0679 1.24161
2.14403 10.5454 1.61282
10.5454 10.632 1.53135
10.5454 10.5454 1.43455
7.70403 10.5454 1.32371
10.5454 9.67014 1.39738
10.5454 10.0629 1.34491
10.5454 10.5454 1.43455
10.5454 7.82218 1.31488
10.5454 10.5453 1.30662
10.5454 10.5022 1.37061
10.5454 9.98763 1.43455
8.13239 9.26235 1.28688
10.5454 10.5454 1.34491
10.5454 10.0607 1.25882
10.5454 7.87194 1.2941
10.5454 10.5454 1.33164
10.5454 9.87951 1.41758
10.5454 10.5454 1.43082
10.5454 10.5454 1.43455
10.5454 10.5454 1.43455
10.5454 10.5454 1.29565
10.5454 10.2256 1.33182
10.5454 10.5454 1.34491
10.5454 9.28283 1.39738
10.5454 10.5454 1.43455
10.5454 7.79617 1.27914
10.5454 9.23891 1.30662
7.77766 10.5454 1.43082
10.5454 10.5454 1.33164
10.5454 8.28319 1.55766
10.5454 10.545 1.39325
10.5454 10.5454 1.43455
10.5454 10.5506 1.55766
10.5454 10.5454 1.28274
10.5101 10.0606 1.25882
7.85432 3.23072 1.43152
10.5454 10.5454 1.43455
10.493 10.0691 1.37061
10.5454 10.5454 1.43455
10.5454 7.90836 1.30662
10.5454 10.5454 1.37061
10.5454 10.5454 1.37061
10.5454 2.14402 1.34491
10.5454 10.5454 1.33164
10.5454 10.3782 1.43455
10.5454 10.5454 1.34491
10.5454 7.82218 1.33164
10.5454 10.5454 1.34491
10.5454 9.26299 1.33182
10.5454 10.0791 1.24161
10.5454 10.5117 1.31852
9.37493 9.39324 1.33182
10.5454 10.5454 1.34491
10.5454 10.5454 1.43455
10.5454 10.5454 1.31852
10.5454 10.5251 1.39325
10.5454 9.2351 1.241
10.5454 10.5454 1.27526
10.5454 10.5454 1.39325
10.5454 10.5454 1.33164
10.5454 10.5454 1.33164
10.5454 10.5454 1.43455
10.5454 10.5454 1.37061
10.5454 10.5454 1.35612
10.5454 10.5454 1.32152
10.5454 10.5704 1.34491
10.5454 10.5454 1.32371
10.5454 9.3556 1.43455
10.5454 10.5454 1.37061
10.5454 10.5454 1.37061
10.4784 10.5454 1.37121
10.5454 7.68929 1.24161
10.5454 10.5454 1.34491
10.5454 7.74198 1.37061
10.5454 10.3782 1.43455
7.70765 7.78739 1.36163
10.5454 7.70765 1.45092
10.5454 10.0539 1.24161
10.5454 8.26952 1.34491
10.5454 10.5454 1.43455
10.5454 9.55226 1.30662
10.5454 10.5454 1.43455
10.1884 2.14402 1.34491
10.5454 9.71337 1.37061
10.5454 10.5454 1.34491
10.5454 10.5454 1.34491
9.45685 7.62986 1.58539
10.5454 10.5454 1.43455
10.5454 10.0597 1.24161
10.398 10.1648 1.40812
10.5454 10.1436 1.49469
10.1884 7.74197 1.37061
10.5454 7.68222 1.37061
10.5454 7.71524 1.39325
2.14403 10.1708 1.32371
10.5454 10.5454 1.31488
10.5454 10.5454 1.37061
10.5454 10.0802 1.33182
10.5454 10.5454 1.34811
10.5454 10.3905 1.27688
10.5454 10.5454 1.34419
10.5454 10.487 1.37061
10.5454 10.5454 1.37061
10.5454 10.5454 1.38768
10.5454 10.5454 1.34491
7.77766 10.4078 1.43455
10.5454 3.2613 1.2941
10.5454 10.4078 1.6891
10.5454 10.5454 1.34491
10.5454 10.0533 1.23574
7.74197 10.5454 1.32371
10.5454 10.0733 1.43455
10.5454 9.49362 1.25865
10.5454 10.5454 1.43455
10.5454 7.77763 1.27526
10.5454 10.5454 1.37061
10.5454 10.5454 1.37061
10.5454 10.4078 1.37061
10.5454 10.5454 1.30662
10.5454 9.33197 1.28688
10.5454 10.5454 1.33182
10.5454 7.74198 1.37061
7.77766 7.74197 1.34491
10.5454 9.3556 1.43082
10.5454 7.67428 1.60013
10.5454 10.5454 1.37061
10.5454 10.5454 1.30662
10.5454 7.64245 1.30662
10.5454 10.5454 1.3719
10.5454 10.4882 1.43455
10.5454 10.5454 1.30772
10.5454 10.5454 1.43455
10.5454 10.5454 1.33164
10.5454 10.5454 1.43455
7.77766 2.14402 1.43455
10.5454 10.5454 1.39738
10.5454 10.5454 1.34491
10.5454 10.5454 1.30434
10.5454 7.63411 1.33182
10.5454 10.5454 1.37061
10.5454 2.21109 1.23574
10.5454 10.0927 1.39738
10.5454 7.82218 1.32371
10.5454 10.5454 1.57214
10.5454 10.5454 1.37061
10.5454 9.81681 1.33182
10.5454 10.5454 1.32371
10.5454 8.90572 1.28688
10.5454 10.0655 1.43455
10.5454 10.5454 1.39426
9.99012 7.61182 1.39426
9.64614 9.48583 1.24541
10.5454 7.68502 1.39738
10.5454 10.5454 1.33164
10.1884 2.14403 1.39738
10.5454 10.5454 1.34491
10.5454 9.51154 1.29746
10.5454 9.99311 1.29746
10.5454 10.5454 1.31488
10.5454 10.5454 1.40931
10.5454 10.5454 1.33164
10.5454 10.5454 1.34491
10.5454 10.5454 1.39426
10.5454 10.5454 1.43455
10.5454 10.5454 1.31852
10.5454 7.70062 1.241
10.5679 7.74197 1.48082
10.5454 10.5454 1.43455
10.5454 10.5454 1.43455
10.5454 10.5454 1.43455
10.5454 10.5454 1.444
10.5454 10.2054 1.30662
7.74197 7.74197 1.30662
CASE 1000
4.42036 4.36994 1.05904
0.733911 0.686583 1.31517
2.14402 1.46536 1.28797
7.77766 2.98685 1.20075
1.61578 1.26905 0.741195
10.5454 1.12858 1.22871
2.14403 2.14403 1.52806
1.70437 2.14403 1.53528
2.07448 1.27482 1.08834
2.14402 2.14403 1.39976
10.5454 0.997318 1.21209
10.3681 2.80834 0.852885
2.14402 0.765291 1.32039
10.5453 2.14403 1.2361
2.14402 1.32434 1.33619
10.5454 1.46283 1.10199
2.14402 0.459178 1.5009
8.26953 1.34536 1.17169
1.6559 2.14402 1.61472
2.40304 3.18943 1.20541
2.14404 1.41038 1.31655
2.03956 0.570453 1.28076
10.5454 1.04635 1.32687
10.5454 3.57113 1.18701
7.74198 0.812567 1.46273
4.89859 3.55169 1.61257
2.14402 1.21504 0.77131
2.14402 0.322163 1.0321
6.34551 1.69558 0.813821
10.5454 1.00095 1.21054
7.77766 0.57154 1.11354
9.33348 1.14068 1.55357
10.5454 1.45516 1.11941
2.14403 2.64426 1.06675
2.14402 2.0885 1.29357
3.28424 1.54189 1.23147
10.5454 1.79774 1.40708
2.14405 2.14403 0.863088
10.5454 1.13592 1.1083
10.545 0.663443 1.244
2.14402 1.25942 1.59302
2.14402 7.60083 1.27097
10.3893 2.86588 1.53602
10.5454 2.14403 1.40261
1.89286 1.44112 0.779827
4.3063 2.12378 1.13434
2.14402 1.58954 1.00892
2.14403 0.657609 1.01464
1.58031 1.13882 1.15968
10.5454 0.762929 0.838716
7.82219 1.51033 1.40513
2.14403 0.946395 1.39314
1.9959 1.06798 1.23719
10.5454 2.14402 1.51158
2.14403 0.792602 1.1458
1.85204 1.50199 1.21011
10.5454 1.5887 1.30366
2.14404 0.786436 1.30387
2.14405 1.40313 0.987879
2.00008 0.805669 1.07947
3.52981 2.14403 1.37887
10.5454 1.58236 1.24976
7.77766 0.645664 1.21642
2.14403 0.899533 1.35841
2.14402 3.92847 1.24056
10.5454 1.35167 1.45524
2.14402 2.14402 1.35267
2.14402 1.61329 1.2804
10.5454 1.44902 1.27291
10.5454 0.969244 1.20835
2.14403 1.21955 1.28258
2.27599 1.69242 1.61735
1.17322 1.41522 1.39219
1.86116 1.77042 1.01284
10.5454 1.32482 1.28629
10.5454 0.785222 1.09618
1.8824 1.18287 1.08767
2.14402 2.14403 1.80352
2.46644 1.31984 1.32673
1.67442 1.48033 1.47297
1.89197 0.864768 0.962088
1.6044 1.21695 1.54166
1.92626 0.403634 1.46266
2.31307 0.278091 1.11811
2.14404 1.42345 1.33695
2.06579 1.0684 1.36721
10.5454 1.39299 1.21873
1.60717 1.01751 1.56386
2.14402 1.47911 1.24233
10.5454 1.23771 1.1223
4.31805 1.46881 1.12712
10.5454 0.798928 1.32284
2.14403 2.14398 1.07961
1.60519 0.588324 0.995001
2.14405 2.14403 1.21038
1.85542 1.73719 1.54962
2.14403 1.62164 1.11293
1.16767 1.61433 1.38414
2.14402 2.14402 1.29398
1.93658 0.913447 1.12
2.14404 0.477524 0.633725
10.5454 1.44849 1.52911
2.14402 4.10899 1.14305
2.14402 0.871282 1.5196
1.71123 2.6736 1.11125
2.14402 0.931599 1.31567
2.14402 1.51225 1.22266
2.14403 7.5765 0.781068
10.5454 0.778837 1.28695
10.5454 1.24486 1.53691
10.5454 0.950482 1.16021
10.5454 0.524709 1.25588
2.14404 1.87631 1.10797
1.59758 0.272743 1.7307
7.77766 7.5426 0.732224
2.14402 0.721687 1.20802
4.29615 2.23559 1.18971
10.3554 2.14403 1.37342
2.03792 1.10504 0.914181
2.14404 0.806794 1.38983
1.67044 1.17493 0.974979
2.14403 0.534883 1.32994
1.95124 1.47021 1.22912
10.5454 2.14403 1.30343
1.16248 2.14403 1.36187
2.14402 0.632081 0.797283
7.77766 1.36735 0.844777
2.14402 1.88079 1.47502
10.5454 1.40765 0.756143
10.5454 1.23452 0.667436
1.78052 2.5513 1.30421
2.14404 1.38422 1.16313
2.14404 2.64224 1.20245
10.5454 1.69102 1.27123
10.5454 1.27811 1.11172
10.5454 0.664723 0.984758
10.5452 1.34075 1.44277
10.5454 1.24835 1.22347
1.70771 2.26507 1.11779
1.35426 0.830413 0.790117
1.91014 2.50011 1.26652
2.06333 0.603719 1.05521
3.51401 3.19761 0.717416
7.77766 7.56617 1.17131
10.5454 1.57698 1.0265
2.14403 2.14397 1.33594
1.51878 0.47046 1.03069
1.70779 1.44467 1.25066
1.45959 1.18516 1.12291
2.14402 10.5454 1.10266
1.34027 0.452246 1.2865
2.14402 1.81712 1.1402
2.69677 1.48057 0.972164
2.14405 1.12738 1.18477
2.14402 1.33318 1.07077
2.14402 0.954889 0.958379
10.5454 2.14403 1.11955
1.70101 0.22852 0.836005
2.56803 0.766213 1.09669
10.5454 1.26277 0.90756
8.13232 1.61856 1.62752
7.69792 2.14403 1.55795
2.14404 2.33437 1.13989
2.14403 1.21748 1.27179
1.51318 0.169762 1.2592
7.60026 0.946727 1.00663
1.58134 1.37807 1.03861
1.34639 1.22058 1.2934
2.14404 0.609096 1.23465
2.78263 0.761247 1.2537
2.14403 1.60759 1.0273
1.86367 0.493328 1.21397
1.64654 0.585322 0.999201
7.82218 2.14402 0.933996
1.77699 1.54976 1.19055
1.55221 1.40496 1.20286
2.14404 1.91549 1.50402
2.14404 0.731767 1.1004
1.7161 0.492422 1.09426
10.5454 1.52063 1.27087
1.777 3.67387 1.01452
2.14403 2.96102 1.37633
10.5454 1.25636 1.40481
2.14021 1.43075 1.64929
1.60457 0.3058 1.26082
2.14405 0.833398 1.2735
10.5454 10.5454 1.33509
10.5454 7.74197 1.09761
0.50261 0.527823 1.1618
7.77766 0.962074 1.41094
7.77766 2.14403 1.28246
10.5454 1.3163 1.1259
1.14802 2.09276 0.912409
9.3556 1.30696 1.57987
2.14403 1.34475 1.13394
7.77766 1.26378 0.923847
10.5454 1.47713 1.5252
10.5454 0.450432 1.50953
1.29833 0.310489 1.27034
2.14403 2.14403 1.3825
3.05969 1.09917 1.0944
10.5454 1.58312 1.47358
7.77766 0.938531 1.3442
0.985797 3.8084 1.32067
2.14404 2.14403 1.56189
1.68152 1.30327 1.14443
2.14404 2.75731 1.14861
10.5454 1.7008 1.30847
3.14745 2.64873 1.18822
10.5454 10.4568 1.20447
2.14402 2.14402 1.2373
1.67526 0.607562 1.02812
1.72029 2.14403 1.44268
10.5454 1.58763 1.3484
1.71445 1.39558 1.31352
1.71421 1.2641 1.43862
10.5454 0.701366 1.27382
10.5454 1.2655 1.17823
2.87111 0.614084 1.69206
1.47393 1.35822 0.958483
10.5454 1.02337 1.50155
1.36088 1.81382 1.29567
10.5454 0.72332 1.31805
1.90135 1.32826 1.5192
1.70344 1.37162 1.13438
2.04891 1.30117 0.831517
10.5454 1.45266 1.28464
2.14402 1.42192 1.22627
10.5454 1.33501 0.971966
2.14403 0.748268 1.38093
2.39881 2.1277 1.17344
2.00241 0.51253 1.2456
7.82218 10.3772 0.967868
2.14405 1.25935 1.04608
2.14403 1.49216 1.23964
10.5454 2.14402 1.46338
2.14403 0.926799 1.38683
2.14405 1.77224 1.41814
1.82296 2.07668 1.26087
10.5454 0.895298 1.25831
10.5454 1.46446 0.850801
1.86986 1.04138 0.92461
7.77766 2.14403 1.26151
10.5454 8.0799 1.15041
10.5454 0.909385 1.20206
2.14403 0.58732 1.31093
2.14404 1.41602 1.13159
9.47187 0.685485 1.07071
10.5454 10.0634 1.2582
2.14404 1.10917 1.12044
2.14404 1.63711 1.24896
1.67959 0.387912 1.47733
2.14405 0.628851 1.62036
3.82054 0.897795 0.927901
2.14404 0.969319 1.52101
2.51486 2.46393 1.10489
2.14403 1.78213 1.0639
7.77766 0.861515 1.37372
7.77766 1.50397 1.15225
10.5454 1.07685 1.34946
6.21685 0.447899 1.36049
10.5454 2.14403 1.22263
1.82348 1.38104 1.32564
2.14403 1.38896 0.906913
10.5454 3.64716 1.07279
4.89589 1.30914 0.823147
2.14779 1.6824 0.982931
2.14404 1.42061 0.960175
2.14402 2.14403 1.50071
1.66975 1.62372 1.47397
2.14404 1.15524 1.02915
2.14402 1.01224 0.979618
0.982729 0.759116 0.633105
7.77766 1.76916 1.20032
10.5454 1.19767 1.27749
1.15879 1.22416 1.40774
2.14403 0.72836 1.2941
2.14402 2.80024 0.662795
10.5454 0.606525 1.20189
10.5454 1.60683 0.74516
10.5454 0.947958 1.09578
7.77766 1.63654 1.6715
9.64615 1.0622 1.25037
2.14403 0.633423 0.807867
5.65998 1.27492 1.20256
2.61608 1.91768 1.09173
2.14405 2.14403 1.76847
10.545 10.5454 1.34692
2.14402 2.52655 1.13052
10.5454 2.02198 1.27103
7.71922 1.84935 1.20128
1.61508 2.47428 1.25443
10.5453 2.14403 1.30134
10.5454 0.728761 1.23177
1.85356 1.4728 1.26745
2.14402 1.25861 1.18607
10.5454 1.40329 1.23473
1.34442 1.27864 0.752824
2.14403 1.49394 1.2336
2.14404 0.456742 1.45722
3.42843 2.14403 0.981751
CASE 10000
1.65939 0.693567 1.24876
0.567574 0.473365 0.576522
1.53219 0.61619 0.649528
2.14898 0.240416 0.631923
2.40439 0.892368 0.461884
1.45132 0.589088 0.585999
0.607052 0.548203 0.405997
0.656651 0.666839 0.397619
1.50303 0.55402 0.75765
1.69588 0.453712 0.684121
1.64398 0.302639 0.736726
0.255613 0.204051 0.529558
2.14403 0.442884 0.404533
2.14403 0.407059 0.388056
1.24342 0.216492 0.437482
0.68033 0.41857 0.808937
1.20212 0.125135 0.487275
1.22592 0.466327 0.523027
0.897842 0.662725 0.374118
1.02948 0.519417 0.541248
3.61981 0.375144 0.394517
0.925608 0.67416 0.425088
4.62108 0.841499 0.471657
2.85736 0.666303 0.535628
2.14403 0.504053 0.51028
1.85422 0.651368 0.236145
2.14403 0.559121 0.778052
1.72902 1.03573 0.331501
1.84167 0.862026 0.274677
1.94181 0.347752 0.303951
1.77516 0.59832 0.382914
0.734507 0.244027 0.20734
1.47815 0.317151 0.439869
1.9375 0.385005 0.618993
0.991389 0.61812 0.521079
1.30145 0.679537 0.286922
1.8212 0.598177 0.237919
2.14403 0.18494 1.0564
1.67173 0.528551 0.423385
1.42541 0.584234 0.988472
2.01244 0.978291 0.56441
0.559382 0.536252 0.178831
1.1638 1.30861 0.616037
5.12124 0.798911 0.603177
1.33032 0.551436 0.617791
2.72612 0.977524 0.806455
0.70438 0.753266 0.486535
1.41289 0.490683 0.367204
0.721817 0.280069 0.581331
1.49853 0.285463 0.398796
2.1307 0.420488 0.316573
2.96695 0.379576 0.785631
2.74351 0.844253 0.332924
1.50314 0.547771 1.25301
1.22145 0.623795 0.330843
1.71225 0.739608 1.21954
1.20697 0.882072 0.624634
1.92885 0.568506 0.272962
0.559094 1.03249 0.41022
0.995662 0.219076 0.346332
2.14402 0.396883 0.224533
1.37886 0.316354 0.380886
1.46654 1.0154 0.687831
0.792483 0.800488 0.459922
0.63302 0.390118 0.31893
1.6037 0.992864 0.602185
1.66015 0.857366 0.845449
1.60552 0.158205 0.640953
2.62632 0.356738 1.03394
0.438211 0.335226 0.344501
0.666192 0.18547 0.739069
0.49921 0.439773 0.352828
1.3131 0.244677 1.21952
1.12878 0.718225 0.614059
1.99662 0.314464 0.411532
2.14402 0.29174 0.59767
2.65528 0.242389 1.24734
0.603837 0.870702 0.689652
1.60915 0.923222 0.425124
1.25273 0.24083 0.745907
1.0053 0.221672 0.573762
3.22569 0.379984 1.09876
1.33793 0.345336 1.21298
0.710232 0.152544 0.65717
1.96352 0.193695 0.640975
2.14403 0.722209 0.318452
1.00711 0.190131 0.702011
2.14402 0.171073 0.354212
1.48545 0.688923 0.417439
2.14403 0.443788 1.34074
1.30851 0.619514 0.521456
0.894015 0.513556 0.477907
2.14402 0.602181 0.252324
0.137688 0.485782 0.845663
1.41325 0.214802 0.393955
1.80972 0.957972 0.475024
2.07457 0.29865 0.225903
1.36731 0.0936145 0.372975
1.86809 0.883757 0.530172
1.9179 0.830427 0.636645
2.14404 0.351093 0.525262
1.82072 0.827 0.341605
2.14403 0.382712 0.463025
0.508623 0.274108 0.472455
0.490772 0.662484 0.921143
0.736267 0.200663 0.451054
2.0339 0.270336 0.475931
1.97116 0.160811 0.385606
0.688972 0.206247 1.22809
1.55663 0.350396 0.580997
2.14403 0.15736 0.648703
0.376102 0.819886 0.554033
1.35844 0.499864 1.32707
1.03627 0.622589 0.280075
1.28691 0.168145 0.553738
0.567735 0.600018 0.685933
1.31727 0.128245 0.833663
1.93225 0.640582 0.51772
0.590297 0.223532 0.249112
1.90465 0.142399 0.198873
0.795499 0.666346 0.58504
0.819738 0.553455 0.58204
0.149449 0.308302 0.537427
1.48117 0.815071 0.700874
0.399931 1.17835 0.728006
2.14402 0.148378 1.2204
0.484605 0.179277 0.631677
0.928819 0.607502 0.555557
0.743006 0.233017 0.4856
2.14403 0.871473 0.410363
0.608304 1.12373 0.561861
3.34759 0.267028 0.610242
0.827648 0.14223 0.482616
0.812659 0.179847 0.538366
1.90819 0.471929 0.296853
0.854338 0.618549 0.385238
0.813964 0.230524 0.67492
1.31606 0.647632 0.190929
2.03142 0.931493 0.513528
1.16856 1.02266 1.06055
1.88972 0.453572 1.20975
0.796366 0.591255 0.347709
0.483462 0.111967 0.692714
1.30552 0.769229 1.2481
1.6652 0.508027 0.735407
0.434583 0.702105 0.346989
1.33792 0.551381 0.616381
0.722029 0.296667 0.546612
4.1176 0.50289 0.561537
1.19651 0.381416 1.47245
0.843235 0.240513 0.438146
1.24792 0.690804 0.556412
1.11631 0.593982 0.649917
1.04778 1.01712 0.534632
2.5176 0.945465 0.724104
1.56687 1.1835 1.09396
1.21444 0.49563 0.368923
2.14402 0.191784 1.21085
2.14404 0.148684 0.490156
1.38653 0.519421 0.891082
0.926931 0.275101 0.387734
0.730931 0.342937 0.689742
0.940551 0.464105 0.354275
1.52174 0.691771 0.748249
0.446868 0.296523 0.370483
1.77653 0.38288 0.553655
0.583836 0.670613 0.395965
3.01992 0.509304 0.42567
0.359835 0.531391 0.514499
1.58999 0.26036 1.2388
2.14404 0.180142 0.373396
0.615512 0.249607 1.22835
1.47559 0.860643 0.399239
0.389408 0.274056 0.782651
2.33535 0.359052 1.20896
2.14402 0.158541 0.49258
1.43678 0.598458 0.603201
1.07217 0.201701 0.428309
0.795055 0.122343 0.697348
0.433989 0.15166 0.481879
1.3347 0.828053 0.618109
1.61596 0.105938 1.28814
1.35547 0.270258 0.666909
2.61253 0.184786 0.541243
1.9928 0.324608 0.457339
2.14403 0.376052 0.639332
0.944765 0.406839 0.48255
1.39909 0.568542 0.619197
0.597442 0.496283 0.439039
2.06562 0.614456 0.178171
0.529341 0.789261 0.665687
1.95354 0.231608 0.446365
1.05679 0.552042 0.777577
2.14402 0.932232 1.06845
2.14402 0.929687 1.09837
0.793798 0.469443 0.531255
1.24258 0.451281 0.685666
1.9203 0.471947 0.394067
3.59779 0.558033 0.732048
2.14404 0.608946 0.429243
1.69666 0.285804 0.602197
0.841619 0.250487 1.28797
0.722918 0.699119 0.493067
2.14403 0.416512 0.197977
0.420217 0.583482 0.282075
0.965882 1.13884 0.438636
2.14403 0.38136 0.525264
1.85691 0.395136 0.455693
1.42825 0.188408 0.604893
1.4546 0.240599 0.284224
2.36447 0.436222 0.60622
1.16221 0.181548 0.538877
0.453508 0.473927 0.247348
1.07832 0.304496 0.451582
1.68512 0.663259 1.23304
1.06904 0.48399 0.585511
2.01684 0.259348 0.249584
3.99689 0.103926 0.419666
2.02144 0.462264 0.615403
1.19306 0.319454 0.380475
0.568442 0.188283 0.390013
1.34455 0.517482 0.558225
1.39734 0.357094 0.689235
3.28378 0.153976 0.497511
2.14402 0.394013 0.454251
2.41996 0.667409 0.438095
0.789816 0.17707 0.488697
0.57572 0.293218 0.654787
2.14404 0.0872917 1.05728
1.58559 0.699478 0.925321
3.21653 0.347912 1.34724
3.90919 0.116637 0.296487
1.40865 0.35094 0.496578
0.920635 0.237942 1.03668
0.857696 0.34009 0.509147
1.44012 0.179369 0.170974
1.97508 0.902692 0.411677
1.30201 0.527347 0.412497
2.14403 0.529251 0.335493
2.14404 0.880301 0.389862
1.41843 0.720831 0.404092
1.65779 0.236743 0.429486
2.14404 0.211163 1.25993
0.891153 0.286289 0.503873
0.614969 0.627257 0.597772
1.98791 0.249004 1.06809
1.27884 0.866288 1.24864
2.33476 0.139807 1.24853
1.99545 0.380404 0.6633
2.53223 0.711571 0.563321
2.14403 0.417918 0.522227
0.312387 0.254748 0.718112
1.62285 0.994366 0.6369
1.39455 0.906898 0.705275
0.685366 0.654116 0.79196
1.70478 0.268373 0.192369
0.977392 0.596804 1.05394
0.581614 0.51012 0.408326
1.59736 0.143755 0.3606
1.18854 0.234292 0.552247
0.630833 0.591191 0.5334
1.26205 0.750007 0.813675
0.671287 0.466959 0.675595
0.489335 0.448385 1.25142
1.24729 0.441879 0.377376
1.73477 0.988557 1.06382
0.550968 0.336237 1.27701
1.45663 0.370825 0.418124
1.30659 0.143641 0.385705
0.982812 0.225171 0.704788
2.14404 0.818829 0.355748
1.74848 0.488919 1.08948
0.912612 0.149267 0.702071
2.32905 0.34845 0.402441
0.689724 1.06967 0.471026
1.31585 0.533532 0.496032
1.73271 0.252756 0.453136
0.564488 0.613358 0.605125
2.14403 0.220096 0.422675
0.764601 0.30758 0.399353
2.41606 0.340276 0.252259
1.67251 0.912279 0.302211
1.68687 0.551268 0.461189
0.696714 0.135026 0.407104
1.63893 0.782461 0.470109
2.14403 0.595635 0.565664
1.12629 0.755871 0.481541
0.541598 0.281091 0.315514
0.692845 0.288324 0.771458
0.673647 0.10803 0.505781
1.25688 0.50597 0.316062
2.14402 0.720506 0.374455
0.882378 0.556124 1.03125
1.45961 0.759139 0.431444
1.41924 0.228739 0.458832
0.527219 0.172251 0.566837
0.889596 0.226503 0.629989
1.27307 0.710657 0.426277
0.661553 0.563657 1.22937
1.76901 0.359191 0.576943
0.93662 0.689233 1.03354
CASE 100000
0.259093 0.0980529 0.0790488
0.96494 0.302037 0.139251
0.136724 0.142785 0.116986
0.625221 0.385408 0.222006
0.300392 0.151308 0.291484
0.651118 0.274053 0.180765
0.6508 0.312845 0.309614
1.22544 0.106205 0.312408
0.24189 0.042391 0.190911
0.706791 0.0705443 0.442853
0.301273 0.166878 0.155952
0.762867 0.0719093 0.216863
0.243247 0.0981072 0.186366
1.11897 0.0852066 0.214282
0.857759 0.137038 0.376897
0.109252 0.0606553 0.14179
0.200643 0.030588 0.0981312
0.226581 0.0915457 0.165689
0.675702 0.215325 0.233724
1.22944 0.0954333 0.138437
0.747329 0.216342 0.337874
0.223008 0.279822 0.173791
0.966842 0.0852924 0.109254
0.372059 0.319731 0.246957
0.396288 0.0700754 0.296858
0.722431 0.166585 0.432748
0.668844 0.222951 0.150124
0.119281 0.0795663 0.0831177
0.150341 0.230865 0.484014
0.35354 0.147018 0.200847
0.379385 0.127738 0.313074
0.772344 0.235191 0.207639
1.40337 0.0544332 0.1915
0.146847 0.129264 0.14932
0.378348 0.128928 0.11705
0.981597 0.146893 0.121534
1.32425 0.0556558 0.162578
0.706961 0.127883 0.138927
0.564163 0.26463 0.0996786
0.331288 0.172706 0.204335
0.23979 0.0638426 0.216758
0.902828 0.18014 0.0514466
0.831077 0.053514 0.194773
0.969853 0.0741901 0.0639331
0.178121 0.119873 0.390306
0.466043 0.110285 0.139049
0.922184 0.423794 0.267253
1.05424 0.196551 0.569189
0.201102 0.236759 0.449767
1.25911 0.169659 0.173213
0.822094 0.077015 0.224568
0.691587 0.213707 0.379565
0.350687 0.255418 0.211868
0.361864 0.559982 0.413977
0.213938 0.0742934 0.169496
0.200302 0.157004 0.177512
0.406708 0.0856441 0.160587
0.120196 0.0481723 0.255596
0.619509 0.0478255 0.182337
0.705512 0.144601 0.228697
0.557268 0.169007 0.105344
0.696365 0.236231 0.300623
0.359858 0.183521 0.220757
0.592038 0.0322413 0.302147
0.57246 0.0579401 0.152752
0.184006 0.0542303 0.168985
0.230708 0.195319 0.240472
1.31777 0.301972 0.247353
0.384346 0.0774433 0.355617
0.454515 0.049826 0.186245
0.630999 0.0691387 0.129527
1.40888 0.0702004 0.209676
0.930245 0.124855 0.119402
0.145706 0.374066 0.188569
0.535319 0.0714193 0.101524
0.165879 0.0788523 0.225306
0.871468 0.253474 0.363651
0.248477 0.0795119 0.114339
0.164231 0.109085 0.0974251
0.797252 0.484205 0.335353
1.00649 0.229008 0.372429
0.28658 0.131722 0.433879
0.260848 0.229122 0.268466
0.0917846 0.0666921 0.366678
0.535987 0.233056 0.250921
0.320341 0.0852421 0.140766
0.580469 0.0760704 0.238149
0.174195 0.433948 0.429029
0.403874 0.11575 0.214462
0.704988 0.164214 0.215686
0.185877 0.0488452 0.389462
0.775193 0.274649 0.181035
0.0802662 0.0747195 0.182575
0.382186 0.317769 0.17595
0.0766384 0.130733 0.208034
0.832634 0.155007 0.119238
1.01709 0.0628953 0.138779
0.398884 0.22143 0.35872
0.904089 0.223076 0.152136
0.38609 0.088939 0.277311
0.873443 0.0939676 0.243856
0.11595 0.048309 0.292791
0.60743 0.0487156 0.422939
0.76422 0.0276437 0.175763
0.919956 0.0470007 0.301379
0.198674 0.142402 0.349782
0.293749 0.217357 0.395718
0.846403 0.0708877 0.288849
0.861757 0.0882423 0.279315
0.732589 0.181643 0.218719
0.577872 0.103439 0.193023
0.433934 0.202477 0.180082
0.930313 0.0561836 0.269326
0.191707 0.109459 0.181927
0.432672 0.0959098 0.104146
0.265405 0.14476 0.0702862
0.141603 0.0625109 0.150733
0.390736 0.15176 0.153739
0.179062 0.034571 0.174374
0.72439 0.242492 0.212599
0.249135 0.0709845 0.402468
0.235662 0.182917 0.152176
0.171249 0.0828961 0.202487
0.646131 0.145496 0.234014
0.437367 0.0538695 0.0995445
0.674417 0.133416 0.322148
0.150757 0.219655 0.439885
0.303835 0.0533061 0.179848
0.345534 0.0879627 0.174978
0.508301 0.120969 0.105818
0.864068 0.124091 0.283615
0.264724 0.0765998 0.230141
0.452974 0.177314 0.275449
0.928035 0.0764182 0.305254
0.301783 0.109809 0.214701
0.369553 0.186723 0.32063
0.800733 0.230025 0.301252
0.7889 0.178489 0.173555
0.290091 0.147729 0.165192
0.386607 0.135097 0.170549
0.625245 0.185942 0.232876
0.511649 0.0722365 0.362194
0.174394 0.289555 0.142361
0.921138 0.0869111 0.101558
0.279201 0.0869645 0.103686
0.316226 0.0259557 0.179914
0.686919 0.170211 0.0458753
0.575724 0.211227 0.137928
0.544664 0.235163 0.172715
0.645623 0.164404 0.167308
0.645994 0.099423 0.163239
1.14181 0.330336 0.32093
0.325838 0.290217 0.13476
0.401114 0.199956 0.192274
0.595867 0.0525462 0.321939
0.535173 0.133602 0.226865
0.262861 0.0730935 0.130738
0.280004 0.142704 0.189697
0.407134 0.15052 0.282688
0.392231 0.267608 0.179167
0.370916 0.337541 0.159169
0.267484 0.14619 0.191965
0.908551 0.297759 0.258598
0.20846 0.0576416 0.254514
1.44036 0.0410494 0.234945
0.855798 0.144792 0.273595
0.309011 0.185553 0.216708
0.503431 0.251967 0.305211
0.262803 0.242923 0.1086
0.413245 0.140262 0.165883
0.54773 0.121999 0.268559
0.930832 0.098436 0.111369
0.213124 0.143046 0.0742023
0.130504 0.085849 0.243316
0.202155 0.162651 0.236719
0.847069 0.0609673 0.203508
0.557956 0.186303 0.149014
0.159963 0.342463 0.192996
0.0953855 0.126231 0.175893
0.419375 0.155096 0.18433
0.165247 0.0793434 0.257039
0.261554 0.0945798 0.144541
0.293238 0.211604 0.17089
0.653364 0.143264 0.0976449
0.39464 0.253817 0.15973
0.243062 0.423715 0.418091
0.426414 0.0615301 0.110564
0.136112 0.0655513 0.161276
0.713211 0.076443 0.241628
0.793708 0.15778 0.193105
0.488621 0.117164 0.174482
0.378712 0.0691681 0.487691
0.454131 0.141252 0.138316
0.93949 0.174128 0.157052
0.919031 0.109782 0.0717536
0.574538 0.112804 0.13486
2.03203 0.170393 0.0995395
0.220238 0.084338 0.315724
0.829137 0.0788599 0.116884
0.328636 0.0372439 0.284211
0.474136 0.0978897 0.131121
0.229502 0.193348 0.226826
0.23293 0.376484 0.105896
0.971069 0.0258902 0.355733
0.248249 0.100613 0.25977
0.665889 0.123172 0.200007
0.408827 0.134414 0.207955
0.23269 0.0882275 0.107856
0.608457 0.0298324 0.247505
0.304994 0.30511 0.264705
0.467372 0.26573 0.133974
0.243826 0.0803637 0.179642
0.251891 0.106962 0.128507
0.535782 0.173286 0.307224
0.990912 0.155715 0.167952
0.253668 0.082742 0.323117
0.441589 0.0759239 0.104222
0.346825 0.0657668 0.389039
1.2913 0.0794783 0.2944
0.470774 0.161073 0.196559
0.74425 0.225303 0.062123
1.10511 0.109493 0.294442
1.20993 0.240083 0.382116
0.340911 0.0853422 0.144033
0.326409 0.267099 0.116165
0.890528 0.0739033 0.398665
0.164234 0.0945283 0.211702
0.439109 0.0751399 0.205858
0.123382 0.0948891 0.163487
0.426444 0.0454303 0.22483
0.513628 0.153892 0.159269
0.503824 0.180863 0.189419
0.260458 0.0747703 0.232631
0.40007 0.222085 0.159702
0.372347 0.147813 0.161692
0.1585 0.104205 0.153214
0.161194 0.0689906 0.271888
0.707103 0.223302 0.347082
0.218613 0.2503 0.274655
0.385718 0.0749789 0.315345
0.16755 0.174931 0.214733
1.00188 0.228267 0.291537
0.548748 0.178754 0.123512
0.102195 0.0475522 0.124526
0.377664 0.155089 0.132738
0.4332 0.0601142 0.198121
0.203368 0.0453265 0.115769
0.333862 0.272184 0.268368
0.13163 0.0818235 0.306176
0.500205 0.0456329 0.184233
1.59996 0.25535 0.112843
0.742158 0.274871 0.184597
0.0962195 0.120636 0.286649
1.12729 0.0547798 0.308989
0.143348 0.0800133 0.224311
0.172772 0.0827733 0.10753
0.482995 0.0860171 0.130662
0.547267 0.0841385 0.154309
0.685982 0.219915 0.42865
0.525403 0.086565 0.212262
0.576591 0.166296 0.173843
0.0546931 0.155184 0.421966
0.324557 0.374673 0.259272
0.944277 0.156978 0.0826137
0.36356 0.104015 0.267124
0.40612 0.174189 0.193622
0.172423 0.095585 0.143104
0.673695 0.0999485 0.184015
0.316571 0.199209 0.176052
0.547778 0.0789114 0.129229
0.225036 0.10235 0.25869
0.427936 0.157951 0.185471
0.214788 0.127213 0.406534
0.837596 0.0861516 0.214293
0.166525 0.243078 0.205624
1.04016 0.41671 0.414167
0.278649 0.254739 0.21953
0.230832 0.122095 0.050886
0.471973 0.197098 0.34567
0.296852 0.126429 0.373977
0.387977 0.139077 0.233851
0.144118 0.0599506 0.154772
0.142736 0.13245 0.239744
0.243693 0.140783 0.206038
0.148478 0.198825 0.244201
0.576518 0.0506797 0.174429
0.550812 0.273942 0.171358
1.1183 0.204972 0.169832
0.164089 0.135605 0.0798655
0.445436 0.066785 0.19471
0.567289 0.112751 0.252891
0.813681 0.0474515 0.17985
0.399076 0.112711 0.191316
0.487641 0.0488836 0.104495
0.159875 0.177579 0.307281
0.158677 0.192857 0.189694
0.116592 0.082406 0.200808
0.21291 0.399161 0.169824
0.236288 0.11309 0.243164
0.644895 0.179153 0.459544
0.476293 0.0682456 0.100406
CASE 0
