CASE 100
1.98496 4.60072 1.09702
5.08976 2.13667 1.25108
2.82109 0.732423 1.18882
2.50471 2.26125 1.25586
1.83132 1.25335 1.76357
4.95651 1.96142 1.38304
6.29823 4.7835 1.06837
6.35537 4.65112 1.48923
5.66373 2.36321 1.27988
6.22641 2.89948 1.4998
6.23122 2.12879 1.11946
6.3322 1.14377 1.14391
4.82775 2.23911 1.20006
6.35785 4.95006 1.44251
6.35785 0.911269 1.06908
2.34369 2.27922 1.99036
2.89954 4.60349 1.24598
6.35785 4.96016 1.13414
2.53475 3.40266 0.996444
6.28787 2.8994 1.60218
6.28554 2.76467 1.29628
2.27808 1.20698 1.92406
4.84595 1.79759 1.36303
5.17776 1.65349 1.61606
5.09631 2.46603 1.29354
2.12628 2.12628 1.51003
5.76568 4.64639 1.44049
4.82466 4.8271 0.929531
5.80923 2.89937 1.69306
5.74578 2.37347 1.98573
6.35785 2.37198 1.62617
5.78637 2.14033 1.2773
2.14229 1.38464 1.33518
1.4051 1.25695 1.33157
6.35785 5.2549 1.64566
5.98913 1.01 1.22405
2.73217 0.687292 1.28045
2.77271 2.55149 1.93201
2.27168 2.27168 1.64852
6.08125 2.54549 1.08337
6.35785 4.93095 1.21283
2.88786 1.9925 1.57531
5.76569 6.10396 1.33698
2.36298 1.94312 1.37109
2.15252 2.08827 1.18009
5.76569 4.5737 1.35929
2.25322 2.15568 1.57999
6.22945 1.96015 1.15398
2.15971 1.44319 1.23003
6.2329 4.64236 1.4163
0.818623 0.719306 1.37892
2.13515 5.01434 1.38476
2.37257 1.72302 1.31627
6.28787 4.85077 1.15545
4.78035 4.78035 1.20751
6.35785 1.70717 2.10779
6.23437 1.96665 1.24423
6.01351 2.89928 1.30552
4.78164 2.51724 1.47947
4.92268 2.34412 1.49218
5.1671 2.01322 1.96375
6.14558 5.78434 1.30445
6.2298 1.9192 1.96251
1.96956 1.36823 1.38945
2.43999 2.43999 1.12842
1.94482 1.83401 0.740763
5.22718 2.67765 1.42041
2.4981 2.27135 1.91654
6.35779 2.1808 1.04044
5.08186 4.64475 1.17585
6.22944 0.749616 1.09829
6.08763 1.06285 1.53724
6.17039 6.19418 1.30529
2.13515 2.13515 1.92183
1.94502 1.22247 1.00159
2.19505 2.11628 1.53223
2.89935 2.89929 1.54725
4.84987 1.12552 1.01505
4.73365 1.86472 1.34275
5.85768 2.22932 1.55834
6.35785 4.91306 2.03982
5.92863 4.76948 1.15783
5.78948 1.98667 1.33524
6.12068 2.8995 1.95784
6.29757 4.69586 1.05726
6.36302 2.89939 1.23361
6.07978 2.18866 1.06033
2.62781 1.89848 1.42697
2.38568 2.53984 1.45903
1.94589 2.2778 1.85819
4.81335 2.3007 2.02095
2.62999 2.233 1.91634
5.80923 2.29384 1.2616
4.77511 4.64445 1.25989
2.12368 1.5285 1.24633
4.86774 2.44779 1.07312
1.3574 1.32909 1.0552
2.5506 2.32135 1.18238
2.38724 1.79391 1.53925
4.97608 2.45909 1.75463
6.23161 2.08534 1.2696
2.38124 2.11815 1.18616
2.24615 0.922295 1.18359
2.35099 1.77833 1.97758
6.35785 2.20329 1.55555
2.05241 1.86054 1.22268
4.96203 2.07208 1.34628
2.28619 5.68502 1.48993
6.35785 6.35785 2.23938
5.8027 1.97837 2.08628
5.69588 2.00542 1.40331
2.88786 1.90501 1.08401
6.35785 4.85262 2.07893
5.44962 2.14387 1.43751
2.62376 2.12336 1.1217
1.46359 1.81778 1.97587
5.01408 1.97146 1.48632
5.89766 1.96455 1.28003
1.7202 1.65915 1.4161
4.84318 2.27788 1.87562
6.35785 2.32719 2.02114
4.92784 4.83298 1.26263
2.61134 0.870592 1.25394
2.34594 1.39727 1.2889
2.55352 2.24784 1.19475
2.44339 1.17004 0.925693
5.76569 2.11148 1.77463
2.89951 4.73377 1.53452
2.24948 4.99636 1.95263
4.85672 4.74755 2.08111
2.63156 2.3245 1.1813
4.88009 2.28896 1.33733
1.95103 1.67728 1.10935
1.91627 1.91627 1.19743
4.98686 1.23162 1.31624
1.99006 1.88332 1.92717
5.31192 0.822185 1.26246
5.66467 2.28008 1.12127
4.81679 1.98149 1.60465
4.97641 1.09972 1.42764
2.44652 2.44652 1.15201
2.75737 1.23007 1.39122
6.10304 1.17508 1.37586
6.12184 1.68861 1.226
4.78382 4.80876 1.97612
2.89948 1.96052 1.25375
6.23098 2.01628 1.41953
1.9906 4.7143 1.48392
2.44441 2.38893 1.1879
4.97405 5.65606 1.23691
6.04392 4.74383 1.26905
4.73887 4.73887 1.15942
6.09401 4.69329 1.74425
1.87081 0.652077 1.37892
4.91787 1.89664 1.24566
6.17038 5.16707 1.55269
2.69028 2.33541 1.29912
6.14558 5.80723 1.21622
5.93019 5.65826 1.95009
5.96174 2.01343 1.52234
6.08086 1.33252 1.67355
2.40164 2.82109 1.17369
2.85779 2.06052 0.973385
2.00359 1.19035 1.12282
5.91246 2.23289 1.077
6.35727 1.95905 1.95967
4.90969 4.94622 1.23626
2.6836 1.85328 1.23742
5.89137 1.92988 1.13333
6.363 5.81405 1.45803
6.05408 5.73303 1.49381
6.35785 5.66552 1.45945
5.79155 1.65113 1.30788
2.68588 2.34764 1.3119
6.35785 6.35785 1.29385
4.82455 4.78377 1.21655
6.28469 2.26859 1.41
1.89097 4.74317 1.37367
2.12911 1.27983 1.84938
6.16537 4.73025 1.81426
2.12289 0.890766 1.24525
5.76527 1.00897 1.33229
2.4991 2.49626 2.25048
4.97675 1.99852 1.43572
5.08186 5.13207 1.43548
6.35785 4.98989 1.28628
2.61822 1.81593 1.9912
4.78529 4.77953 1.37239
2.45845 2.39448 1.97237
2.10831 1.27228 1.09702
6.2547 2.30765 1.49122
4.80759 4.80759 1.22102
6.35785 1.32606 1.18693
2.31544 1.79412 1.37609
6.22935 2.18685 1.2282
2.15564 1.65593 1.58958
1.84882 2.11528 1.91741
6.35785 4.74383 1.30711
4.88348 2.16018 0.958939
1.52702 1.20932 1.41448
5.62388 4.64743 1.41601
5.37649 0.634211 1.25055
2.28171 1.78027 1.45998
4.88512 2.50814 2.34604
6.35785 2.0184 1.73556
6.06996 1.27151 1.30525
6.32838 5.63637 1.58709
2.16327 1.18164 1.35041
6.35785 5.80723 1.3887
2.00022 1.79401 1.96598
2.49938 2.51616 1.89336
6.38197 4.60519 0.995194
6.35785 4.76076 1.86991
5.62142 1.95764 0.980313
2.56471 2.33911 1.25054
4.93531 2.20501 1.3765
2.36352 2.42439 1.46077
6.28307 6.19754 1.48268
1.68235 1.39005 1.32373
4.70876 4.72539 1.69651
6.28307 5.36567 1.54811
6.09378 2.27006 1.57213
2.29491 1.28094 1.53758
2.13826 2.06504 1.0098
4.84408 5.76721 1.42874
6.14651 4.7514 1.19056
1.42709 0.877042 1.18131
6.06535 5.75368 1.01747
6.22292 2.19733 1.34838
6.09997 4.75873 1.8717
1.79199 1.3578 1.47988
6.09081 1.90169 0.957157
6.23165 2.06142 1.14697
2.41957 2.90383 1.32822
5.7972 2.08784 1.37571
5.31211 1.05566 1.2235
1.91627 2.14003 1.04893
4.97405 5.07057 1.3112
5.07062 0.830651 1.32827
2.58594 2.37046 1.99628
2.34372 1.21784 1.35802
2.33986 1.94901 2.07424
5.6456 1.7181 1.94531
2.35748 2.2777 1.20274
6.01351 5.75584 1.29372
6.12068 5.62765 1.2699
6.35785 1.33885 1.2289
4.97402 0.894125 1.39279
2.27192 1.89343 1.45445
2.35557 1.79835 1.39105
6.02004 2.4002 1.28427
4.78024 4.74125 1.95885
5.85768 1.78372 2.00309
5.00148 0.549462 1.21084
4.89613 4.81542 2.02433
6.29603 5.7372 1.3662
4.82096 5.18337 2.00771
6.21004 2.42105 1.65933
5.69527 1.78217 1.38179
1.86379 1.90183 1.58723
4.79971 2.25044 1.09131
6.35785 1.95973 1.22454
2.76139 4.81742 1.98907
6.11309 4.77839 1.25395
4.91216 2.01771 1.42183
2.89925 5.16706 1.09782
4.79449 1.11052 1.00795
6.08973 1.99533 1.32833
6.0972 2.03312 1.66549
2.34838 2.22676 1.34541
1.81547 1.3457 1.20003
2.03508 1.26088 1.03164
6.09157 4.85908 1.93736
2.89025 3.82813 1.28489
2.50166 2.0568 1.40367
5.77336 1.2944 1.37684
1.8862 1.74022 1.98335
6.35768 0.998563 1.31591
6.22923 6.23735 1.59994
2.31319 2.37477 1.30119
4.8105 2.09875 1.40477
5.07063 6.07123 1.24066
6.01351 2.53544 1.11583
5.80628 1.85307 1.24588
2.27439 1.96118 1.2777
2.43213 2.21604 1.68321
6.09069 4.65825 1.39582
6.30381 2.12513 1.36211
4.7874 4.65965 1.45483
6.17038 2.89921 1.28704
6.14558 4.72427 1.21975
6.2264 4.82631 1.42982
1.75168 1.33351 1.15984
5.16625 2.25051 0.973984
4.79677 2.3199 1.35748
4.97403 5.95807 1.97307
4.96162 2.0692 0.992034
5.80274 1.58604 1.36719
4.84144 0.77692 1.40062
2.23285 2.12969 1.27889
5.01621 5.01621 1.6348
CASE 1000
2.50542 0.742286 0.814063
2.13285 0.448029 0.848719
2.01038 0.353651 0.847439
1.28288 0.299299 0.572318
2.08717 0.561419 1.00214
2.28582 0.570581 0.931262
1.7844 0.988315 1.00832
0.808768 1.06596 0.877049
2.08953 0.319217 0.85023
1.6478 0.791839 0.529607
2.02139 0.845469 0.838382
1.90988 0.386831 0.884228
2.92911 0.437051 0.871451
2.03447 0.691177 0.771373
2.16189 0.489341 0.797342
1.46779 0.547174 0.768745
2.34034 1.93424 0.974747
2.20502 0.463724 0.788022
2.01969 1.88534 1.41667
3.04185 0.647275 0.641377
2.16209 0.380785 0.95533
2.15345 1.93512 0.949071
4.84825 1.90969 0.780997
2.13305 0.461576 0.868568
2.05019 1.91757 0.958492
2.15012 1.90069 0.915845
2.0311 0.500828 0.792641
2.02284 1.88497 0.811887
2.06381 0.506283 0.883145
2.22981 1.89955 0.915082
0.985042 0.45649 1.0178
2.06062 0.853504 0.373486
0.84469 0.451295 0.864473
2.01256 0.36979 0.624563
2.18387 0.401804 0.800041
1.98737 0.332894 0.840137
1.89254 1.90101 0.943775
1.10555 0.56953 0.985236
1.56874 1.8876 0.785916
2.32003 1.90535 0.825471
1.92962 1.88905 0.838897
1.95129 1.92473 1.00623
0.58722 0.617353 0.803618
2.10644 1.89638 0.768427
3.2204 0.698418 1.00776
2.05812 0.362232 0.945267
2.12155 1.88719 0.775658
1.76468 0.73061 0.787643
0.983796 1.90366 0.880198
2.90956 0.573306 0.962978
2.0679 0.65124 0.770246
2.52521 1.05493 1.10104
2.25225 0.809993 0.888468
2.29328 1.90537 0.930571
2.09438 1.90136 0.799571
2.59145 0.45294 0.997732
2.52323 0.452372 0.803187
2.15361 1.89999 0.756349
1.14431 0.940567 0.936775
2.10447 1.997 0.801014
2.3502 0.868388 0.650688
2.02756 0.752485 0.801066
2.94262 0.719969 0.768867
1.1228 1.89228 0.805883
2.19262 1.89686 1.8925
4.67818 0.339357 0.488711
2.08864 1.92232 0.798199
2.91966 1.89889 0.806882
2.3702 0.805819 0.795349
2.03404 0.449572 0.777462
2.09008 1.89347 0.783569
2.26722 1.89909 0.857175
2.47348 0.588414 0.646093
2.21213 1.88697 0.819063
1.0122 0.426555 0.311028
2.09718 1.93447 1.00301
2.58542 0.777699 0.768765
2.36927 0.573374 0.80822
2.12971 1.89084 1.89104
2.00649 1.90609 0.859153
1.19304 1.90307 0.834495
1.00925 0.421721 0.970345
2.21659 1.89166 0.901072
1.6468 1.91136 0.911974
2.29936 1.92353 0.916745
2.20069 0.341845 0.838983
1.99318 0.582623 0.999831
0.754913 1.90678 0.926967
1.46715 1.89876 1.89562
2.41931 0.46085 0.848975
3.42853 0.376862 0.37964
0.687858 1.90432 0.854046
1.97816 1.90865 1.91302
2.47953 1.92101 0.784328
1.35573 0.627604 0.556564
2.83329 1.90804 1.90651
2.5041 1.89462 0.828136
2.12365 1.89052 0.882752
2.06492 1.92819 1.92837
2.13691 1.88493 0.833357
1.97437 0.417956 0.822328
0.762746 1.88753 0.832029
2.17519 0.755569 1.14307
1.92462 1.88186 0.825047
1.4938 1.89936 0.924232
2.39097 1.8915 0.811603
1.60978 0.347977 0.556059
2.12111 1.91902 0.85666
2.35809 1.89537 0.87874
1.97409 0.930972 0.861422
1.58415 1.90514 0.916159
2.6211 0.570742 0.887473
2.2717 1.92412 0.870033
2.02707 1.92947 0.983565
2.10487 1.91737 1.02067
2.04363 1.91051 0.792775
2.15254 0.356206 0.912543
2.04775 0.672657 1.05602
2.42945 1.88218 1.8824
1.95477 1.88287 0.823084
2.39404 1.91015 0.816761
1.37282 1.96702 1.17888
2.95283 1.88958 0.78892
2.36958 1.88324 0.85062
1.92017 0.377615 0.527657
2.07337 1.92736 0.825124
1.81997 0.30661 0.850065
2.40385 0.383992 0.781545
2.57366 2.09731 0.958399
0.884905 0.853023 0.518471
2.30568 0.496394 0.606232
1.9812 0.470206 0.915422
2.15122 0.681889 0.957336
2.01774 1.8948 0.820245
2.33817 1.9243 1.04514
2.50775 1.79769 1.03328
1.3339 0.690428 0.932226
1.21211 0.322009 0.858647
2.11481 1.88444 1.88465
1.73959 1.91006 0.787089
2.27484 1.94328 1.05652
2.0101 1.88959 0.885551
1.51038 0.533884 0.780556
2.05827 1.89644 0.834879
2.26953 1.88667 1.88393
2.03977 1.92165 0.995481
2.31713 0.364711 0.946954
1.97175 0.782625 0.780779
2.07246 2.16006 0.817116
1.83018 0.871982 0.800121
2.33385 1.92568 1.05577
0.759361 0.603457 1.04395
1.96595 0.514494 1.06671
1.23734 0.75152 1.0103
1.93524 0.602445 0.748557
2.14848 1.9349 1.05581
2.55419 1.87951 0.80555
1.80393 0.434688 0.707897
2.10916 1.88579 0.771229
2.55964 1.8884 1.88863
4.74129 0.617669 1.10585
0.918913 0.468257 1.04209
2.46065 0.481804 0.996495
1.97546 0.376294 0.784563
2.09682 1.89071 0.891228
4.76301 1.94153 1.04103
1.89668 0.901048 0.924464
2.06011 1.9529 0.901479
2.0461 1.90843 0.872346
1.95239 1.91371 1.0144
1.80631 1.89175 0.746262
2.3355 0.323364 0.885784
2.90897 0.351879 0.820195
1.17325 0.410351 0.844006
2.11269 2.00429 0.755912
1.88526 0.667271 1.12947
1.49389 0.688842 0.861506
4.80198 1.95641 1.12381
2.00976 0.474955 0.945563
0.567484 1.94547 1.09225
1.96815 0.884456 0.847204
2.88854 0.453678 0.839664
1.69265 1.94346 1.92265
2.91613 1.89317 0.89187
1.95354 1.91224 0.860791
2.53686 0.336868 0.874874
2.25632 0.423055 0.932954
2.10236 1.90187 0.933483
1.68697 0.554821 0.849527
1.34212 1.99149 0.883707
1.46528 0.764908 0.782935
4.74039 1.91365 1.91387
2.2295 0.541021 0.916685
2.09777 0.413949 0.811982
2.18221 0.45574 1.01089
1.91923 0.91748 1.00154
2.63493 0.380698 0.92805
1.31126 0.475064 0.765965
2.14496 1.90878 0.91364
2.26813 1.88596 0.79983
0.930518 0.607967 0.885182
2.30516 1.89988 0.830156
2.38756 1.88568 0.806893
2.5121 1.90739 0.920607
2.02696 0.871011 0.778733
1.21855 0.452005 0.767078
1.93346 1.96318 1.17421
2.00315 0.696353 0.828525
1.87619 0.529798 0.850513
2.96639 0.68136 0.988235
2.53828 1.90269 0.94122
0.951955 0.37267 0.21425
2.06725 0.450494 0.774526
2.11916 0.697073 0.800206
2.41764 1.91303 1.0067
2.16747 1.90361 0.935812
2.13706 1.89617 0.935514
1.90405 1.89419 0.902929
2.17444 0.899379 0.843518
2.12936 1.91312 0.875617
2.07326 0.655542 0.736033
2.22259 1.88698 0.761073
2.39434 0.519177 0.893595
1.91977 0.43184 0.846597
1.2632 0.641513 0.858481
1.50594 0.36766 0.434362
2.40721 1.92147 1.00218
2.52991 1.91865 0.924007
2.04264 1.92061 0.790913
2.24711 1.89483 0.920167
4.68981 1.22279 1.05601
2.47483 0.426243 0.515521
2.01497 1.90207 0.828854
2.02458 1.88946 0.757555
2.20792 1.96375 0.778049
2.90818 1.9109 0.910692
1.97354 0.586518 0.831634
2.02257 1.89381 0.837979
1.13509 0.768517 0.726071
1.9453 0.801548 0.827003
2.39091 1.89579 0.900299
4.76464 0.762892 0.93818
2.39042 1.89169 0.797115
1.99396 1.91597 0.774377
2.49464 1.94963 1.94988
2.26417 0.394545 0.907268
0.977806 0.54051 0.990147
0.932619 0.56029 0.539421
3.14642 0.457142 0.493326
2.17996 1.92012 1.01821
1.20369 0.761794 0.784915
2.11885 1.89944 0.914847
2.2881 0.941315 1.04081
1.79503 0.499791 0.791636
1.01539 0.623233 0.74951
1.08104 1.19969 0.899095
2.22815 1.88315 0.864418
1.50771 0.534549 0.769141
2.2562 1.88936 0.891941
0.929022 0.534034 0.592679
2.07799 0.939937 0.807893
2.12957 0.629288 0.847899
3.15492 0.767751 0.766493
1.37967 1.88681 0.844488
1.32891 0.424855 0.84558
0.84054 1.89574 0.825829
2.09789 1.04149 0.830108
1.1048 0.455214 0.297273
1.50068 0.492072 0.790653
1.81538 1.12763 0.817606
2.12727 0.523527 1.06187
1.89389 1.9047 0.88644
2.16611 0.423764 0.836661
1.42771 0.88534 0.885183
1.98342 0.51366 0.767794
2.19103 1.92048 0.846167
2.43354 0.614936 0.791936
2.55994 0.743078 0.840395
2.07437 1.89542 0.853009
2.19764 1.88859 0.774736
2.84924 1.89581 0.896304
1.32903 0.994142 1.30882
1.62284 0.669014 0.49112
2.12246 1.90333 0.803041
1.95189 1.92617 0.938014
1.02678 0.549202 0.909654
1.86306 0.343906 0.434775
1.68787 0.399219 0.42953
1.81612 1.90269 0.791433
1.07454 1.94496 0.833235
1.88754 1.88419 0.755638
1.55418 0.944274 0.567035
1.12418 1.89207 0.817051
1.90465 1.88744 0.904795
1.94156 0.503672 0.770148
2.04025 0.790728 1.15391
2.36429 1.91161 0.917176
2.47369 0.541683 1.03559
1.85286 1.93634 0.774557
2.02818 0.532359 1.05252
0.802177 0.599543 0.633955
CASE 10000
0.575784 0.334269 0.0741568
0.465373 0.322282 0.322282
1.6153 0.30966 0.30966
1.16181 0.77596 0.77596
1.42223 0.32053 0.15091
0.402055 0.1827 0.144386
0.515205 0.310252 0.18241
0.962929 0.276428 0.276428
0.967878 0.392482 0.392482
0.544251 0.345182 0.0939684
0.965364 0.153776 0.153776
1.61029 0.278197 0.254179
0.77269 0.918134 0.918134
1.05015 1.88065 0.469919
1.92201 0.129341 0.129341
0.899535 0.317211 0.317211
1.92283 0.310866 0.30824
1.38501 0.460322 0.460322
0.82104 0.723457 0.445273
2.08983 0.247387 0.247387
1.14096 0.507418 0.268315
2.20461 0.415449 0.415449
0.568378 0.585302 0.585302
2.02569 1.87959 0.280475
1.603 0.320086 0.320086
0.914364 0.501447 0.271948
1.1992 0.89865 0.779649
1.99798 0.699279 0.699279
1.92177 0.239062 0.239062
1.33226 0.424821 0.391069
1.92564 0.72237 0.240524
1.9959 0.229222 0.229222
0.480507 0.307484 0.307484
0.900639 0.629098 0.629098
1.95492 0.301122 0.153583
1.54499 0.155852 0.155852
0.678605 1.88224 0.767352
1.91052 0.134814 0.134814
0.963854 0.133266 0.133266
1.1406 0.332869 0.265199
2.0549 0.16236 0.16236
0.751696 0.797813 0.461288
0.367011 0.305486 0.289171
0.476651 0.154634 0.154634
1.90773 0.520359 0.520359
0.38726 0.3278 0.108507
1.88102 0.214144 0.214144
0.458893 0.457475 0.189251
0.438701 0.296625 0.296625
1.21862 0.0541772 0.0541772
0.360053 0.345812 0.0615311
0.600974 0.163328 0.798989
0.420308 0.380432 0.0859856
1.5636 0.361226 0.177001
0.986939 0.316468 0.255959
0.544348 0.352745 0.350655
1.03434 0.211062 0.211062
1.3366 0.190542 0.190542
2.35245 0.775002 0.775002
1.61977 0.218373 0.218373
1.93422 0.421843 0.134617
0.363267 0.102109 0.102109
0.589309 0.362723 0.0918313
1.27291 0.168411 0.389315
1.02013 0.550517 0.550517
0.328582 0.365905 0.250821
1.91606 0.285021 1.88048
0.788817 0.246796 0.246796
0.683075 0.333353 0.423563
2.03333 0.377999 0.143734
0.988668 0.323422 0.322386
0.767466 0.2729 0.2729
1.88287 0.267866 0.187626
1.93656 0.307227 0.292909
0.963812 0.162848 0.162848
1.09401 0.215434 0.215434
2.06327 0.0855885 0.0855885
0.61115 0.62715 0.62715
0.843131 0.24636 0.24636
0.990187 0.90441 0.261418
1.65925 0.0840338 0.0840338
1.44577 0.16754 0.16754
0.983412 0.437785 0.178516
1.52009 0.331272 0.225933
0.571562 0.179562 0.483951
1.47354 1.02438 1.02438
0.425483 0.365198 0.242104
1.89522 0.332958 0.196243
0.612695 0.323195 0.043339
1.54629 0.116372 0.116372
0.570244 0.418573 0.418573
0.547692 0.321829 0.321829
2.00512 0.0742363 0.0742363
0.443616 1.87961 0.798344
0.908712 0.486893 0.486893
0.394109 0.209375 0.209375
0.411109 0.300086 0.172809
1.91324 0.165773 0.165773
0.387972 0.47957 0.234186
2.22658 0.361266 0.218351
0.906934 0.100244 0.100244
0.393366 0.318416 0.0882129
0.618138 0.544198 0.544198
2.10096 0.323923 0.134741
1.93328 0.367976 0.367976
1.45794 0.339473 0.581035
1.63335 0.346515 0.112673
0.522148 0.547223 0.547223
1.95097 1.87955 0.408291
1.12756 0.25183 0.25183
1.94207 1.87958 0.186041
1.99092 0.110452 0.110452
1.86943 0.211488 0.211488
0.586243 0.404117 0.0985853
0.509862 0.439979 0.439979
0.555829 0.292081 0.268187
2.02485 0.21574 0.21574
1.16092 0.130984 0.130984
1.89756 0.315083 0.315083
0.956599 0.311673 0.0935056
1.84291 0.180785 0.180785
0.514844 0.259121 0.259121
1.89153 0.171209 0.171209
0.772009 0.407253 0.249272
2.17211 0.110976 0.110976
2.43419 0.0705797 0.0705797
0.910131 0.587526 0.587526
0.507092 0.260835 0.260835
1.9559 0.40659 0.135979
1.91589 0.12596 0.12596
0.736768 0.873303 0.117582
1.944 0.228789 0.228789
0.99032 0.149216 0.149216
2.00879 0.15922 0.15922
0.302637 0.274843 0.237308
0.751819 0.247692 0.247692
1.09559 0.122576 0.122576
2.1545 0.614912 0.1927
0.956872 0.287291 0.813089
1.58505 0.0933254 0.0933254
1.38195 0.497981 0.497981
1.8951 1.88127 0.18565
2.07752 0.298743 0.0840194
0.627968 0.321578 0.321578
2.0906 0.422568 0.15412
1.89024 0.331732 0.140124
1.47399 0.159736 0.159736
0.670465 0.299671 0.299671
1.92348 1.87958 0.425181
0.588087 0.333024 0.130514
0.494287 0.335124 1.88575
0.397728 1.88111 1.88133
2.04869 0.333832 0.0804908
0.937029 0.274212 0.15868
1.99854 0.33481 0.196844
0.504246 0.112319 0.112319
1.16716 0.117754 0.117754
1.50267 0.349696 0.349696
2.37716 0.115378 0.448057
1.90206 0.467844 0.467844
0.343511 0.603284 0.603284
0.870264 0.286549 0.123573
1.92838 0.514449 0.514449
1.89017 1.8818 0.748408
0.629946 0.247303 0.247303
0.499014 0.388076 0.173874
0.639051 0.291189 0.257329
2.13901 0.351139 0.0989803
0.622305 0.144342 0.144342
0.640037 0.205107 0.205107
1.55797 0.347858 0.112854
1.89845 0.392395 0.210104
0.44536 0.290174 0.204172
1.97237 0.203712 0.79539
1.08232 0.2627 0.2627
1.91985 0.323694 0.338917
1.28625 0.159647 0.159647
0.879933 0.0860218 0.0860218
1.88101 0.320378 0.320378
0.853462 0.287696 0.260736
0.749575 1.87831 0.419933
0.459123 0.369345 0.138581
1.88871 0.128003 0.128003
0.272002 0.460492 0.460492
1.00443 0.212468 0.212468
0.522293 0.144236 0.144236
2.06516 1.88118 0.213267
1.92428 0.131531 0.131531
0.86583 0.286538 0.174588
0.830152 0.784047 0.784047
0.95309 0.255005 0.255005
1.93854 0.308974 0.80357
0.397263 0.364554 0.364554
1.89164 0.227751 0.224588
1.91115 0.331895 0.086605
0.438893 0.300278 0.0845567
1.91397 0.118372 0.118372
1.88942 0.363624 0.190695
2.00001 0.317985 0.185151
1.90766 0.324264 0.244423
0.472126 0.3035 0.174654
0.327498 0.211823 0.211823
0.535369 0.645233 0.645233
1.30212 0.0794963 0.392485
1.96989 0.292693 0.292693
0.283963 0.329013 0.173517
1.89112 0.593167 0.593167
0.529105 0.424234 0.151806
0.937065 0.315117 0.0913925
1.34903 0.346782 0.188767
0.27714 0.234529 0.234529
1.14175 0.287912 0.287912
1.52827 0.18258 0.18258
1.8984 0.139359 0.139359
0.722781 0.12164 0.12164
1.87962 0.337843 0.406109
0.842596 0.641191 0.141012
0.600575 0.0948368 0.0948368
0.973745 0.234863 0.234863
0.981845 0.108821 0.108821
1.4022 0.35709 0.143257
0.689506 0.148003 0.148003
0.953366 0.465042 0.216727
1.77174 0.105108 0.105108
0.552526 0.332565 0.224339
2.05134 0.300399 0.127257
1.91127 1.01336 1.01336
0.62353 0.301976 0.485469
0.337742 0.134384 0.134384
1.24394 0.502007 0.502007
0.80314 0.174825 0.174825
0.970681 0.379123 0.13546
1.91643 0.221882 0.221882
0.515733 0.116182 0.116182
0.411591 0.12716 0.12716
0.658338 0.400847 0.164704
0.49095 0.447855 0.383049
1.88373 0.152154 0.152154
1.94753 0.0900476 0.0900476
1.88887 0.328961 0.328961
1.37785 0.348716 0.337722
0.570124 0.0983601 0.229565
0.669447 0.344902 0.0822687
0.789723 0.134246 0.134246
0.59189 0.278965 0.507626
0.632748 0.108788 0.108788
0.93107 0.331208 0.2658
1.81559 0.168719 0.168719
1.89823 1.87829 0.0770654
0.600385 0.293015 0.0973793
0.734918 0.885334 0.416639
0.441809 0.146069 0.146069
0.451537 0.21474 0.21474
2.11976 0.114857 0.114857
1.92629 0.349918 0.33061
1.92546 0.312 0.133688
1.54213 0.404835 0.404835
0.586462 0.312086 0.0866031
1.10589 0.296878 0.17905
0.407689 0.425635 0.166144
1.93807 0.0889098 0.0889098
1.89454 0.351445 0.409065
0.738552 0.31277 0.245486
1.91509 0.11146 0.11146
1.17359 0.148498 0.307623
1.4849 0.0959192 0.0959192
0.419752 0.581206 0.581206
0.46374 0.336316 0.0900446
0.402228 0.205491 0.205491
0.703135 0.191951 0.191951
0.830333 0.314922 0.198558
1.23396 0.306785 0.315931
1.23153 0.093064 0.093064
1.94404 0.179012 0.179012
1.92302 0.217497 0.305703
1.13083 0.13096 0.13096
0.808545 0.340393 0.0751644
1.8985 0.49206 0.227739
1.93175 0.295048 0.10574
0.728461 0.363283 0.0762074
0.994139 0.672599 0.335492
1.14329 0.613441 0.613441
1.23938 0.323757 0.0865469
1.59535 0.308484 0.272412
0.917074 0.394568 0.394568
0.748745 0.169777 0.169777
0.400607 0.174085 0.174085
2.1201 0.137309 0.137309
0.350624 0.283169 0.232843
0.310269 0.339587 0.140111
0.403333 0.180131 0.180131
0.773536 0.170878 0.387729
0.455666 0.11839 0.11839
0.725886 0.234435 0.234435
0.531501 1.19615 1.19615
0.651732 0.304051 0.162922
1.27217 0.214478 0.214478
0.973545 0.420408 0.385772
1.1395 0.193068 0.193068
0.2512 0.243849 0.416333
1.34454 1.88424 1.18265
CASE 100000
0.266326 0.320235 0.320235
0.458429 0.0860032 0.0860032
0.274741 0.0986324 0.0986324
0.295974 0.176506 0.176506
0.117944 0.182085 0.182085
0.288249 0.131134 0.0460065
0.271435 0.0358126 0.0358126
0.185132 0.258564 0.258564
0.289328 0.0889502 0.0889502
0.300927 0.110799 0.110799
0.362704 0.123328 0.123328
0.262648 0.058922 0.058922
0.380557 0.0689758 0.0689758
0.638945 0.04239 0.04239
0.768295 0.1189 0.1189
0.201929 0.26274 0.26274
0.419718 0.0854871 0.0854871
0.248312 0.0723634 0.0723634
0.307557 0.138439 0.138439
0.739795 0.157632 0.157632
0.186749 0.102888 0.102888
0.671756 0.100466 0.100466
0.262936 0.116626 0.116626
0.240801 0.0648809 0.0648809
0.163011 0.260324 0.260324
0.39238 0.0801956 0.0801956
0.47039 0.0434258 0.0434258
0.299363 0.191241 0.191241
0.541185 0.0844466 0.0844466
0.496787 0.082075 0.082075
0.390363 0.0749132 0.0749132
0.903433 0.149642 0.149642
0.268492 0.126915 0.126915
0.299937 0.104415 0.104415
0.61672 0.0576093 0.0576093
0.329325 0.0552111 0.0552111
0.342521 0.072093 0.072093
0.256819 0.0575668 0.0575668
0.521453 0.200858 0.200858
0.199483 0.0280262 0.0280262
0.37418 0.334161 0.334161
0.576763 0.0723395 0.0723395
0.384014 0.0509485 0.0509485
0.109386 0.204875 0.204875
0.451416 0.0847923 0.0847923
1.06553 0.147126 0.147126
0.34509 0.0578388 0.0578388
0.546329 0.218591 0.218591
0.30347 0.228392 0.228392
0.281662 0.0811003 0.0811003
0.266656 0.144797 0.144797
0.306094 0.0573874 0.0573874
0.35455 0.246742 0.246742
0.288313 0.158891 0.158891
1.19459 0.165041 0.165041
0.317825 0.343417 0.343417
1.16753 0.0947663 0.0947663
0.267784 0.152453 0.152453
0.361374 0.101983 0.101983
0.73572 0.156395 0.156395
0.154659 0.111995 0.111995
0.217623 0.0717757 0.0717757
0.743839 0.0705398 0.0705398
0.171039 0.0658041 0.0658041
0.280268 0.0893349 0.0893349
0.416376 0.0917484 0.0917484
0.510755 0.192743 0.192743
0.173172 0.243202 0.243202
0.390034 0.0942365 0.0942365
0.277867 0.144784 0.144784
0.326384 0.0263319 0.0263319
1.02868 0.0998593 0.0998593
0.633347 0.0592755 0.0592755
0.804467 0.0976984 0.0976984
0.699298 0.0950344 0.0950344
1.05662 0.0886792 0.0886792
0.456219 0.0522559 0.0522559
0.43435 0.0686602 0.0686602
0.305217 0.106129 0.106129
0.55489 0.0918525 0.0918525
0.20086 0.093437 0.093437
0.422766 0.0845375 0.0845375
0.34988 0.174475 0.174475
0.636822 0.101761 0.101761
0.643007 0.112254 0.112254
0.495505 0.130693 0.130693
0.168152 0.0597022 0.0597022
0.297722 0.264501 0.264501
0.328755 0.12774 0.12774
0.473336 0.138478 0.138478
0.429628 0.0451083 0.0451083
0.878616 0.0484303 0.0484303
0.152502 0.0713887 0.0713887
0.32799 0.071613 0.071613
0.248616 0.0585734 0.0585734
0.431196 0.113552 0.113552
0.282686 0.148416 0.148416
0.250723 0.0986329 0.0986329
0.498843 0.133346 0.133346
0.183326 0.0719729 0.0719729
0.731552 0.0717039 0.0717039
0.361907 0.0823875 0.0823875
0.111199 0.0500033 0.0500033
0.106505 0.0730438 0.0730438
1.18812 0.153228 0.153228
0.862798 0.0449189 0.0449189
0.212528 0.0808585 0.0808585
0.831 0.112267 0.112267
0.417709 0.0871172 0.0871172
1.02501 0.0976482 0.0976482
0.177586 0.219865 0.219865
0.276942 0.285644 0.285644
0.308201 0.0333075 0.0333075
0.541043 0.16676 0.16676
0.259933 0.125336 0.125336
0.503387 0.0406781 0.0406781
0.319434 0.0776239 0.0776239
0.351865 0.116716 0.116716
0.21544 0.0557466 0.0557466
0.587226 0.0918644 0.0918644
0.368118 0.081897 0.081897
0.323165 0.0861375 0.0861375
0.393724 0.0774729 0.0774729
0.275165 0.0599713 0.0599713
0.281826 0.0696344 0.0696344
0.286083 0.211502 0.211502
0.482069 0.223506 0.223506
0.371385 0.0639076 0.0639076
0.450961 0.04292 0.04292
0.974692 0.152405 0.152405
0.546395 0.173522 0.173522
0.693573 0.0885448 0.0885448
0.649091 0.208123 0.208123
0.409614 0.0391046 0.0391046
0.238332 0.0905803 0.0905803
0.66035 0.0877111 0.0877111
0.638903 0.0734383 0.0734383
0.515161 0.0360093 0.0360093
0.361987 0.0483309 0.0483309
0.308792 0.147891 0.147891
0.349278 0.956668 0.0671683
0.160373 0.221167 0.221167
1.156 0.0834006 0.0834006
0.428397 0.0462938 0.0462938
0.467325 0.0608278 0.0608278
0.332208 0.177144 0.177144
0.102264 0.0960166 0.0960166
0.968602 0.119399 0.119399
0.553954 0.101197 0.101197
0.327117 0.0578313 0.0578313
0.566247 0.0669923 0.0669923
0.203535 0.187838 0.187838
0.454786 0.0814602 0.0814602
0.306122 0.208158 0.208158
0.176879 0.0583686 0.0583686
0.28058 0.0586566 0.0586566
0.135543 0.0631854 0.0631854
0.833714 0.134827 0.134827
0.113608 0.0536068 0.0536068
0.514279 0.0640057 0.0640057
0.355634 0.221957 0.221957
0.173664 0.145988 0.145988
0.273222 0.0664593 0.0664593
0.40183 0.11242 0.11242
0.508429 0.0949513 0.0949513
0.376158 0.0497593 0.0497593
0.341984 0.113083 0.113083
0.676168 0.113456 0.113456
0.248673 0.0735273 0.0735273
0.324418 0.120832 0.120832
0.605464 0.119558 0.119558
0.407904 0.367076 0.367076
0.875004 0.0615854 0.0615854
0.201955 0.236439 0.236439
0.448055 0.060998 0.060998
0.431602 0.414165 0.414165
0.645745 0.0734762 0.0734762
0.703946 0.0787721 0.0787721
0.360959 0.1264 0.1264
0.962076 0.0488614 0.0488614
0.627556 0.0389095 0.0389095
0.625411 0.0799482 0.0799482
0.657733 0.110907 0.110907
0.428595 0.179157 0.179157
0.465038 0.114648 0.114648
0.698468 0.208743 0.208743
0.320237 0.0982752 0.0982752
0.315005 0.0632296 0.0632296
0.912361 0.0862745 0.0862745
0.145268 0.179819 0.179819
0.311233 0.0562249 0.0562249
0.197494 0.0596013 0.0596013
0.380573 0.0712284 0.0712284
0.254243 0.144489 0.144489
0.277608 0.0813596 0.0813596
0.414631 0.215431 0.215431
0.187652 0.0701186 0.0701186
0.36632 0.0889834 0.0889834
0.466318 0.121376 0.121376
0.465605 0.0899601 0.0899601
0.1187 0.102593 0.102593
0.266373 0.0737321 0.0737321
0.229337 0.124434 0.124434
0.57633 0.124829 0.124829
0.822058 0.0687434 0.0687434
0.136821 0.080687 0.080687
0.320961 0.0679972 0.0679972
0.743073 0.0589362 0.0589362
0.217754 0.0709619 0.0709619
0.775583 0.304104 0.304104
0.170975 0.081982 0.081982
0.631317 0.0493382 0.0493382
0.586126 0.0940934 0.0940934
0.699423 0.0766899 0.0766899
0.899727 0.125145 0.125145
0.318989 0.103103 0.103103
0.40183 0.0361877 0.0361877
0.379255 0.0719143 0.0719143
0.268573 0.115848 0.115848
0.857495 0.121681 0.121681
0.238321 0.0608026 0.0608026
0.26591 0.108675 0.108675
0.503131 0.0356864 0.0356864
0.723694 0.0417636 0.0417636
0.41048 0.0510832 0.0510832
0.490305 0.185808 0.185808
0.284277 0.0964472 0.0964472
0.190995 0.173891 0.174022
0.590281 0.0983481 0.0983481
0.237573 0.0381278 0.0381278
0.307082 0.0746479 0.0746479
0.292016 0.143213 0.143213
0.112827 0.131933 0.131933
0.296978 0.193791 0.193791
0.0872646 0.0404296 0.0404296
0.1476 0.078083 0.078083
0.192772 0.212569 0.212569
0.578492 0.172336 0.172336
0.381682 0.135591 0.135591
0.206836 0.114825 0.114825
0.138246 0.105203 0.105203
0.196284 0.0829028 0.0829028
0.638629 0.0618001 0.0618001
0.26457 0.0877522 0.0877522
0.487428 0.131174 0.131174
0.126443 0.0950249 0.0950249
0.161429 0.0496054 0.0496054
0.13264 0.272909 0.272909
0.821732 0.0912367 0.0912367
0.754568 0.27001 0.27001
0.188726 0.088568 0.088568
0.281958 0.0578187 0.0578187
0.425231 0.112574 0.112574
0.179626 0.0600436 0.0600436
0.180299 0.0817566 0.0817566
0.243002 0.171138 0.171138
0.372508 0.155444 0.155444
0.32043 0.141204 0.141204
0.608779 0.0387901 0.0387901
0.524442 0.0717625 0.0717625
0.512173 0.118261 0.118261
0.230046 0.0985285 0.0985285
1.04436 0.151357 0.151357
0.404622 0.155832 0.155832
0.168713 0.382391 0.382391
0.458242 0.150576 0.150576
0.747625 0.0524247 0.0524247
0.666628 0.147673 0.147673
0.467383 0.207282 0.207282
1.30892 0.23401 0.23401
0.304256 0.0553282 0.0553282
0.312116 0.18249 0.18249
0.310779 0.0859244 0.0859244
0.28563 0.101129 0.101129
0.602981 0.0551658 0.0551658
0.221614 0.0604613 0.0604613
0.747416 0.227428 0.227428
0.181724 0.0477488 0.0477488
0.639579 0.115436 0.115436
0.350085 0.153756 0.153756
0.318362 0.19873 0.19873
1.39875 0.201932 0.201932
0.33351 0.0491756 0.0491756
0.858537 0.0394537 0.0394537
0.313858 0.0491056 0.0491056
0.240887 0.166662 0.166662
0.256256 0.17539 0.17539
0.648796 0.13421 0.13421
0.124858 0.239323 0.239323
0.478369 0.110447 0.110447
0.397772 0.142464 0.142464
0.224924 0.166812 0.166812
0.24846 0.116351 0.116351
0.290043 0.107559 0.107559
0.409219 0.214572 0.214572
0.39014 0.0748243 0.0748243
0.288573 0.0267066 0.0267066
0.702241 0.134599 0.134599
0.25678 0.0498964 0.0498964
1.32452 0.110553 0.110553
0.684138 0.0930225 0.0930225
CASE 0
