CASE 100
13.8852 10.2575 2.67359
13.8853 13.626 2.63211
13.8853 10.4317 2.63211
13.8853 12.7651 2.32179
3.71958 13.8853 2.63211
13.8853 3.3922 2.55745
13.8853 12.4819 2.74556
13.8853 13.3386 2.55745
13.6201 11.641 2.60334
13.8853 10.2661 2.46321
13.8848 12.5094 2.47158
13.8852 13.8315 2.57664
12.5914 13.5565 2.6406
13.8853 13.7606 2.60334
10.1593 12.4709 2.45385
10.8098 12.6563 2.50005
3.71959 13.273 2.62789
13.8853 10.2894 2.64679
13.8853 13.8853 2.67928
13.8853 4.27547 2.74556
13.8853 12.3529 2.62336
2.99724 13.2764 2.75477
2.85282 10.2272 2.34099
13.8853 12.2988 2.57664
13.8853 10.5859 2.96843
13.8853 13.854 2.95286
3.03199 12.7662 2.91799
13.8853 12.821 2.32179
10.4317 12.9259 2.55745
4.19715 10.8909 2.54798
10.6898 13.2495 2.62789
3.07985 12.762 2.54495
2.58668 13.7203 2.82203
4.44607 10.9072 2.62789
13.8853 13.8242 2.74556
13.8853 13.8852 2.39266
3.32668 11.2666 2.69582
13.8853 13.2443 2.52702
13.8853 12.8371 2.47006
13.8057 13.769 2.82203
10.2031 13.9258 2.53206
13.8853 13.8853 2.94157
13.8853 12.8597 2.67928
13.8853 13.8278 2.67359
13.8853 10.1852 2.23455
3.32605 12.5373 2.67359
12.6676 13.5868 2.67928
10.9054 10.2031 2.55745
13.8853 13.8853 2.74556
10.1493 13.6998 2.47006
12.2493 13.9265 2.74556
13.8853 13.8853 2.97343
13.8853 13.8853 2.69582
13.8853 13.8853 2.55745
13.885 13.8991 2.67928
13.3858 13.8853 2.58547
13.8853 3.71952 2.50005
13.8853 13.8853 2.74556
3.7196 10.8701 2.13423
12.4236 12.2013 2.17728
12.834 10.4846 2.79215
13.8853 12.2493 2.60733
13.8853 3.78445 2.30411
13.812 13.8853 2.89253
13.8625 13.8853 2.74556
13.8852 10.317 2.74556
3.34244 10.2085 2.39266
10.3112 2.55554 2.04984
12.5274 10.2891 2.24013
3.02231 13.8853 2.74556
10.5859 13.8853 3.00235
13.8853 2.2397 2.1823
13.8853 13.8853 2.74556
10.2031 13.8853 2.67359
3.6465 13.2259 2.67928
13.8853 13.2213 2.55745
13.3472 10.8404 2.60334
3.52785 10.7232 2.26375
12.7208 12.7284 2.75596
13.8852 13.9428 2.63211
13.8851 13.9174 2.67928
13.2438 10.6991 2.4173
13.8853 13.8853 2.74556
10.317 11.0138 2.49301
10.317 13.1694 2.4173
13.8853 10.8163 3.07543
13.8853 13.8853 2.57664
13.8853 5.13676 2.55745
3.37129 13.2656 3.01754
13.8851 13.3025 2.88683
13.8853 13.8853 2.69582
13.8853 13.3038 2.67928
13.8853 5.07288 2.50021
13.8853 12.7662 2.65743
13.8853 3.18239 2.3449
13.0995 3.38434 2.34099
3.212 13.5541 2.26375
3.71959 13.6889 2.47006
12.4236 13.8853 3.01754
13.8853 2.9731 2.74556
13.8853 10.317 2.1823
13.6245 10.0301 2.67359
13.6643 13.8362 2.38415
13.8853 13.8706 2.69582
13.2259 3.82801 2.50021
13.8853 12.7305 2.23455
13.8853 13.926 2.63211
10.317 13.7713 2.59879
13.8853 13.5751 2.93755
13.3025 13.8853 2.74556
10.9645 13.926 2.93755
13.8853 13.1876 2.74556
12.8919 13.4211 2.67928
13.8853 13.3731 2.67928
3.10576 13.1507 3.00235
10.5859 11.4798 2.8129
13.3472 12.7994 2.34099
13.607 13.5611 2.30411
13.8853 12.533 2.64679
6.61664 12.9259 2.70452
13.8853 13.8853 2.74556
13.8853 4.05579 2.30411
13.8853 13.2722 2.4173
13.8853 13.8793 2.47006
13.8853 13.6872 2.59879
4.27547 10.4317 2.69582
13.0344 13.8853 2.62171
2.98391 13.8591 2.74556
12.3529 10.179 2.39266
3.51929 2.81752 2.50534
13.8853 13.8853 2.82203
12.9259 13.9327 2.80624
10.2536 13.8853 2.74556
13.7266 13.7463 2.47006
13.8853 13.8853 2.63211
3.57832 10.9886 2.72021
13.8215 4.0363 2.66165
13.8853 10.1885 2.39266
13.8853 13.0968 2.47158
13.8853 13.8818 2.38415
10.3691 10.8671 2.55084
13.8853 10.317 2.67928
13.8852 13.0483 2.48906
13.1324 12.2987 2.62171
12.4832 13.4287 2.67359
13.8853 10.1963 2.47158
13.885 13.8852 2.69582
11.2326 13.7898 2.67928
10.0045 13.9075 2.67928
13.885 10.1761 2.74556
13.8853 13.2077 2.4173
13.8853 13.8362 2.67928
13.8853 10.4145 2.71184
13.8853 13.7911 2.55012
13.6112 13.6533 2.74556
13.8853 13.4287 2.67359
13.7681 13.8853 2.74556
13.6795 13.8853 2.74556
13.8853 13.3046 2.22445
13.8853 13.9342 2.55084
12.4338 10.7394 2.34099
13.8853 12.9733 2.62789
13.8853 13.885 2.47158
13.8853 13.8853 3.00235
3.48818 13.1981 2.23455
13.8853 13.8853 2.69582
11.4799 13.9795 2.63211
13.8853 13.3491 2.47006
13.8853 13.8846 2.87295
12.3948 12.2821 2.47006
10.7602 3.42282 2.23455
13.8853 13.8853 2.74556
13.8852 10.9382 2.57789
13.8853 13.4487 2.39266
13.8853 12.2994 2.39266
13.0406 11.0138 2.50021
13.8853 13.6878 2.67359
10.4317 13.8148 2.55745
13.8853 13.8847 2.62789
13.8853 13.8853 2.43433
13.8853 13.8853 2.67359
10.1335 13.6533 2.90791
13.8853 13.8853 2.55084
13.8647 12.4572 2.74556
13.8853 10.5889 2.35994
13.8853 13.9788 2.67928
13.8847 10.317 2.74556
13.7947 10.4317 2.67928
13.8382 10.2412 2.57664
13.8853 3.4966 2.38415
13.8853 13.8853 3.00235
13.8853 13.9075 2.95286
12.7662 13.8027 2.64679
13.8853 13.7162 3.00235
13.8853 13.2629 2.47006
13.8706 13.4157 2.30411
10.2322 10.7722 2.23455
13.8853 13.8458 2.50021
3.7196 13.5168 2.04513
13.7162 2.89137 2.32179
13.8853 10.7648 2.63211
10.1103 13.4821 2.74556
13.8853 13.6734 2.95759
13.8853 13.8853 2.74556
13.8853 13.2255 2.27714
13.8853 11.8119 2.16297
13.8852 10.2606 2.38415
13.8958 12.5404 2.21407
13.8853 13.8409 2.63211
13.8853 4.29897 2.16721
13.8853 2.28148 2.32179
13.8853 13.5576 2.29985
13.2128 13.2891 2.47158
10.317 13.1507 2.47158
13.8853 3.09384 2.32179
13.8853 13.8478 2.32179
12.2139 12.712 2.74556
13.8853 3.1657 2.56513
13.8852 10.4662 2.75207
2.82848 10.6736 2.55745
13.8853 13.7839 2.74556
13.8852 3.30739 2.5237
13.8853 3.10228 2.47006
13.8852 11.4798 2.55745
2.28921 10.7444 2.58547
13.8853 10.6518 2.67928
2.77998 2.98467 2.36404
13.8853 12.4645 2.55745
13.8853 13.8853 2.74556
13.6211 13.8853 2.74556
13.8853 12.6676 2.65021
13.8853 12.7858 2.20124
13.8853 12.515 2.26375
13.8852 13.8451 2.78049
12.7593 10.2031 2.67359
13.8853 3.97222 2.4173
13.9387 13.8853 2.88683
10.4846 3.91034 2.63412
11.4173 13.1507 2.69582
2.71711 10.4317 2.74556
13.8853 10.2232 2.55436
13.6753 10.3189 2.47006
3.7196 13.8426 2.63211
3.71958 13.3076 2.74556
13.7898 13.2511 2.47006
13.8853 11.1654 2.32631
13.6795 13.7236 2.63211
3.71959 3.114 2.17825
3.67677 4.27547 2.62789
13.4249 13.3046 2.38415
13.8853 13.9174 2.92394
13.8853 13.8853 2.92394
12.7662 10.3884 2.34099
13.8853 13.5446 2.55745
3.07561 13.3038 2.86384
13.8853 13.3386 2.47158
3.13126 13.8853 2.74556
13.8853 2.47189 2.10191
3.57035 12.7769 2.51844
13.8853 13.7489 2.55745
10.6419 11.5671 2.90367
12.2988 3.3063 2.67359
13.8853 13.9174 2.81774
11.2711 2.8374 2.32179
13.8853 13.7554 2.63211
13.8852 10.1963 2.41949
3.65622 13.1772 2.47006
13.8095 13.8726 2.67359
13.1858 13.6738 2.63211
13.8853 13.8853 2.63211
13.8853 13.8853 2.74556
10.844 3.89838 2.59092
13.8852 13.6878 2.63211
13.909 13.7606 2.39266
13.8853 13.8853 2.74556
13.8853 11.5193 2.30536
13.8852 12.8456 2.81718
13.8853 13.8853 2.57664
14.0077 13.8852 2.22445
13.8853 13.8254 2.17825
13.8853 13.2053 2.13423
13.8852 3.81664 2.74556
13.8853 5.11543 2.25408
13.8853 13.5345 2.5237
13.8853 10.2041 2.33173
13.8853 13.7425 2.55745
13.8853 13.8853 3.06838
13.8853 13.8371 2.47006
13.1096 11.1654 2.62789
13.8853 13.8853 2.69582
10.317 12.4502 2.43779
13.8853 13.1562 2.32179
3.7196 13.5969 2.74556
13.8852 13.9174 2.69582
13.8853 13.6878 2.74556
12.6035 11.1654 2.62789
11.3262 13.6878 2.65021
3.71958 3.19021 2.33305
13.8853 13.4129 2.74556
13.885 10.9038 2.21567
13.8853 13.397 2.50021
CASE 1000
3.58643 2.71794 1.86303
2.03243 1.00531 1.80082
10.212 2.98949 2.2425
3.55219 3.05952 2.64269
3.48806 10.1832 2.06664
2.45017 2.47915 1.85805
3.4762 2.88259 2.03535
3.57745 3.30159 2.12424
3.23264 3.18783 2.1794
10.0921 10.0506 1.76347
8.64623 3.37659 1.80098
2.58549 2.73248 1.49912
3.27673 2.73865 2.59416
3.1325 2.70922 2.22426
3.02668 3.5638 2.00594
3.27775 3.13829 2.37239
2.88976 3.78804 2.92807
2.51789 2.11469 1.72383
1.9242 10.128 1.92936
3.4471 9.99461 2.03425
3.66891 10.2841 2.25314
3.13814 1.98527 1.94534
2.80239 3.50404 2.8157
8.26177 2.94467 2.22919
6.13931 10.041 2.35747
4.5987 10.1377 1.77684
1.75486 3.07986 2.1582
3.08976 2.76306 2.02744
3.28561 2.51431 2.10731
2.96357 2.60621 2.07061
10.0682 9.99697 1.6742
11.278 1.40344 1.76046
4.27186 10.0078 1.87351
3.5732 3.36787 2.40647
3.52686 2.49699 1.5539
8.23386 2.78465 1.94659
2.84353 3.17838 2.4661
3.20777 10.1716 2.09119
2.7535 2.18398 2.39008
2.42767 2.75538 1.95263
2.93197 2.74325 2.17137
3.64 3.06779 2.19094
2.32796 2.55209 1.96855
2.83066 2.62323 1.9295
2.81166 10.3132 1.78577
10.3024 2.90141 1.8939
9.92867 2.71075 1.59762
5.15757 2.7633 2.119
2.73211 2.65222 1.72215
2.95534 2.6541 1.41405
3.26751 2.63226 1.9982
11.1114 10.2013 2.47409
6.44852 3.14562 2.11367
2.59184 2.64905 2.20492
4.47112 3.23308 1.98835
3.64019 9.97148 1.91776
3.3305 2.99132 1.96299
2.62276 2.78479 2.05038
3.22924 2.49902 1.97066
3.563 2.79564 1.79932
3.50545 1.24708 1.61048
2.64277 1.82423 2.13491
4.18818 2.77315 2.02087
2.73593 3.46825 1.76043
10.2151 2.54116 2.57454
3.40267 10.0756 1.75501
3.25545 3.24457 1.95723
2.67599 10.2919 2.56252
3.40969 2.02107 1.82171
3.60676 2.58583 2.04208
3.34907 2.70339 1.723
6.86827 9.97227 2.11809
3.05903 2.98243 1.9429
6.00944 10.1423 1.88677
10.144 2.52621 2.40453
3.61878 2.49565 1.92333
3.21573 3.0558 2.22269
3.75491 3.60246 2.1061
2.97259 10.0751 2.27866
11.5841 3.1207 2.22103
1.09958 1.32043 2.01047
11.417 4.01299 1.60646
2.2538 1.80892 1.70964
3.33915 2.59508 2.02084
2.82275 2.75114 1.69823
3.1554 9.98958 2.24813
3.21923 3.01939 2.02988
10.2858 2.64504 2.66159
1.48342 3.10569 1.44514
2.87121 1.64773 1.9405
3.60856 9.96813 1.78325
11.4216 10.0302 1.9534
3.52923 3.35051 2.13475
4.03523 10.1742 2.50486
3.69102 2.61826 2.01626
2.77036 2.83926 1.85722
2.98364 2.66778 2.81503
10.1122 2.03445 1.89161
3.8179 2.98271 2.04583
2.90052 10.0664 1.91748
7.56772 2.53675 2.66686
2.78916 7.52579 2.07932
3.43393 2.63463 1.94459
1.12214 5.38605 1.47059
5.55645 10.0523 1.88258
2.6745 2.67503 2.49892
10.0881 10.2048 2.07563
3.32406 10.123 1.71064
3.23705 4.52347 1.8287
1.4251 2.92522 1.90214
5.39556 5.53847 2.03614
3.65904 3.0382 2.0434
3.05576 3.35935 2.05341
6.28266 3.16944 3.23272
3.50352 1.29136 1.76443
6.44852 3.3451 2.15342
12.3351 3.13877 2.46428
3.32142 1.20054 2.37474
3.01198 2.48971 1.96921
11.1724 9.97981 1.68706
2.92225 2.00382 1.8953
2.50196 10.2649 2.04358
2.89794 9.95725 1.9029
3.55313 2.56167 1.8435
3.56713 10.0297 2.29067
2.06149 2.58245 2.52274
5.2431 3.45084 2.19198
5.55703 3.37471 1.98213
1.19431 10.0022 2.04171
8.97745 2.75664 1.81549
10.1285 1.04637 1.7965
10.1886 2.70847 2.08189
2.5802 3.15358 2.34795
10.1706 10.1035 1.96158
5.53415 1.27842 2.00125
11.556 3.09809 2.11976
10.065 1.16267 2.12351
2.8525 10.0936 2.58136
2.74758 2.93733 1.65725
3.17597 3.7196 2.53056
4.90478 3.09234 2.21979
3.15222 10.0872 2.76533
8.92033 4.06113 1.77951
4.89436 10.0419 1.5599
10.449 2.7002 1.83811
6.83637 2.78704 1.56609
2.71671 2.55151 1.98605
2.67948 2.78436 1.9512
2.26782 2.71057 1.64599
12.1221 3.45734 2.01649
3.48593 2.5766 1.97665
10.2613 3.32455 2.60275
3.24277 2.86749 1.9555
3.59551 4.41714 1.89423
2.96905 3.01828 2.56881
2.48952 9.9893 2.00406
3.42229 2.50944 1.81061
4.50737 10.0582 2.17655
3.66361 2.57554 1.84904
6.99022 10.0329 1.62005
3.5971 3.27922 1.80394
2.52707 2.82982 1.67557
3.39623 3.251 2.65418
3.67865 2.93189 1.95335
3.41895 3.2394 2.03658
3.61239 4.01576 1.6731
2.94082 2.43688 1.78281
3.10466 2.57997 2.18117
8.47881 2.70654 1.82491
2.65962 2.74189 2.15367
3.03183 3.00009 1.73743
12.6632 3.38198 2.04393
2.74115 1.4162 1.66323
3.39269 2.77038 2.00393
2.5678 2.83439 2.05117
3.83217 3.14449 1.74241
3.6527 2.93629 2.22271
3.6734 2.92243 2.07115
3.65825 2.66849 1.94233
3.10806 3.03566 1.89725
10.0561 10.1022 2.11104
3.47142 10.0027 1.60328
10.0151 2.95965 2.01409
10.297 10.1473 1.79131
11.3852 2.65624 2.22231
10.0073 2.96073 1.95792
2.57448 2.6568 2.24453
1.55693 2.80665 1.78377
3.48029 2.7271 2.10295
3.66993 2.86654 1.77541
2.97105 10.1414 1.93186
1.82413 2.96544 1.76534
6.44852 2.88931 2.12825
3.54476 2.88098 2.13929
3.22341 2.66072 1.84614
2.76447 2.79531 2.06133
2.50151 3.13741 2.20361
10.5061 1.34527 2.13863
3.67797 4.56099 2.00346
3.95561 3.952 2.29028
5.66137 2.79568 1.86544
2.22299 3.06549 2.24138
2.70586 3.06346 2.24893
3.3831 2.8363 1.66452
3.39872 4.01916 1.53866
3.88647 2.95894 2.07452
3.33629 2.84694 1.934
3.47446 3.50305 2.20982
4.76265 3.1245 2.1691
8.00034 2.25233 2.11401
4.00862 3.55143 2.24785
8.01356 1.60356 2.56245
3.04491 2.81665 1.69813
10.3063 4.7629 1.89235
10.0045 1.75724 2.03381
3.73691 9.98613 2.0257
3.50031 2.58707 1.88937
1.77962 2.59411 2.50969
3.57834 2.60656 2.11813
13.8837 3.52032 2.31054
3.16494 2.8781 1.79215
2.0149 2.69919 2.15874
9.2907 3.23922 1.5396
3.08837 3.08048 1.96324
1.16257 2.75197 2.2394
3.64397 2.53401 2.27355
4.9401 10.2659 2.28463
2.60809 2.53356 2.5865
7.62058 2.24217 1.70943
3.60195 10.0085 2.58118
10.3041 1.33761 1.67358
3.14162 10.0922 2.10254
3.17194 10.0954 2.42102
6.87118 2.65103 2.0995
2.84139 2.96343 1.83581
3.85931 3.17768 2.14866
6.85591 3.21195 2.02668
3.84777 2.87258 2.11497
3.25921 3.01149 2.02338
3.56192 10.0091 2.28667
1.68341 4.97271 2.26768
3.51171 12.1829 2.63737
1.7375 3.44876 2.16144
3.4143 3.42382 2.27188
2.05864 1.32646 2.15563
2.6743 2.72441 2.59426
2.68636 2.67939 1.94395
2.91719 3.55176 1.82717
6.44852 3.10707 1.9593
3.43058 3.07168 2.23441
10.087 2.87586 1.97921
10.0729 2.70049 2.67239
3.41115 2.9793 2.07768
10.1098 2.46911 1.97094
3.62116 2.74208 2.75535
2.80768 3.26759 2.17316
3.52003 2.69747 2.34794
2.54433 2.10236 2.63681
2.61821 2.70802 1.90689
2.84533 2.52361 1.89774
2.64107 2.55733 1.74084
3.02718 3.7771 2.27182
9.94338 2.62697 1.93704
3.35863 2.74951 1.93112
2.94088 2.59289 2.21001
3.2487 2.56864 1.68726
2.88513 2.64399 1.95475
10.0967 3.19798 2.03972
5.48699 1.98315 2.01497
3.45559 3.00531 1.78872
2.83567 1.39553 1.89681
6.45016 3.0002 2.05087
3.78775 3.05127 1.96044
3.11186 12.4495 2.31088
3.69607 3.75267 2.82824
2.0173 10.1225 2.3453
3.37598 10.1179 1.83331
3.29873 2.65978 2.12953
10.0045 3.39923 2.67227
10.4505 2.52242 2.40481
10.2544 3.00878 2.42575
3.50065 3.7196 2.43001
3.31065 3.48634 2.08659
2.71578 2.48991 2.14702
2.89836 3.42788 1.86004
3.27411 10.1904 1.78827
3.10648 10.1588 1.96678
2.59287 3.02988 1.84898
10.0814 2.56853 1.48641
5.99937 2.78157 1.98578
2.70729 3.21201 2.24616
5.08351 3.19108 1.75299
3.18408 2.40969 2.03812
3.55591 10.0233 1.82379
2.51024 3.86327 1.88401
2.55614 2.7236 1.82293
1.94153 5.91143 2.30479
3.65394 3.32096 2.35813
9.3186 2.94716 2.10877
4.84595 2.18443 1.89788
3.14877 3.28544 2.00759
CASE 10000
0.540864 0.989941 1.10696
2.53855 2.52553 1.11357
2.56977 2.48706 1.33252
2.41187 0.734227 1.07969
2.66015 0.595244 1.6581
0.467719 1.35671 1.03759
2.63304 1.79444 1.15599
4.75953 1.22364 1.18183
0.815366 1.70333 1.09554
2.59859 0.773258 2.53131
2.4636 2.66263 1.06105
0.710804 1.52432 1.21213
1.40563 0.842031 1.02801
3.26582 1.67696 1.19937
0.710389 1.85945 1.09706
0.651959 2.52408 1.09604
2.48374 1.2707 1.2055
2.47051 1.73463 1.25997
0.536838 0.5349 1.36683
0.507235 1.90245 1.05925
3.58912 1.09552 1.08477
2.87153 2.84159 0.985911
0.915069 1.95543 1.05027
3.03322 2.47883 1.02095
2.57531 0.937615 1.13846
2.72526 2.5255 1.08419
1.62285 1.72048 1.28929
2.70197 0.503719 1.13325
1.34924 1.47806 1.36022
2.47726 1.01498 1.19636
1.22087 2.5289 1.2407
2.94108 1.20081 1.19668
1.51114 1.20564 1.02453
3.04251 0.507695 1.03806
2.72871 2.46182 1.1347
2.88948 0.280466 1.79051
2.57357 2.60918 1.23467
2.9124 0.94077 1.02827
4.90392 0.829938 1.3881
2.41937 0.710221 1.28299
2.80813 2.43259 1.11416
1.38124 1.41712 0.993934
2.31783 1.9551 1.1132
0.794963 0.94894 1.09171
2.99675 2.50975 1.22935
1.93228 1.0455 1.06351
2.46184 2.50492 1.30419
4.70358 1.2182 1.0111
0.95725 2.44887 1.20068
0.915879 2.092 1.09145
1.13194 0.57777 1.1195
0.908824 0.886771 1.11449
3.04164 2.57674 1.23787
2.81084 0.547412 1.15908
0.751322 2.43924 1.1029
1.59584 1.21272 1.18793
2.68731 1.58466 0.841866
2.57506 2.51907 1.06431
2.92115 1.46145 1.52928
2.75015 1.63326 1.51137
2.87522 0.486831 1.27455
3.62972 2.45754 1.21353
2.66351 2.83408 1.2026
0.676219 1.45951 1.21185
0.687295 1.12717 1.14137
2.6529 3.05143 1.38904
1.0666 0.686824 1.00011
2.89883 1.21692 1.13227
2.45802 1.15025 1.2259
1.10251 1.13154 1.04399
6.38052 1.63221 1.02336
1.16433 3.05233 1.61064
2.78657 1.20364 1.09134
2.47097 0.834295 1.39353
1.36779 0.796628 1.16396
2.65807 1.31688 1.53887
2.43418 2.18687 1.13888
2.15882 0.529269 1.12474
0.696713 1.01392 1.23809
0.869721 1.35844 1.01763
0.807958 2.0165 0.813467
1.11705 1.41015 1.23059
7.11807 2.31579 1.17461
1.36107 0.856359 1.76203
2.76315 0.527689 1.21651
0.511063 0.786296 0.882936
3.01061 2.44829 1.31562
0.866681 0.986911 1.00763
2.55692 2.44767 1.07505
2.36146 1.00685 1.24331
2.5775 0.475095 0.949536
2.42138 1.3064 1.46786
0.995926 1.27558 1.29634
0.850229 1.30918 1.21015
0.513369 1.87664 1.14528
2.52445 2.95778 1.04259
2.60828 2.52645 1.64566
1.40814 0.846561 1.07682
2.61596 2.66978 1.26457
2.11175 0.968957 2.47256
1.18745 1.13662 1.68257
2.51709 1.21502 1.0004
3.14253 2.71871 1.14465
3.1255 1.30793 1.17254
1.0598 1.41574 1.45725
2.68221 1.39363 1.43773
1.30877 1.52099 1.32542
8.87136 0.559719 1.27667
3.30857 1.4658 1.01941
1.92758 0.692472 1.76343
2.16778 0.493586 1.2914
3.16937 0.609986 1.05198
2.63549 1.42916 0.9509
4.39174 1.8243 1.1701
1.30637 2.4733 1.23425
6.59492 1.78666 1.22101
1.62035 0.697282 1.08948
1.42202 1.24142 1.11024
0.473134 1.99711 1.18513
0.605478 0.624893 1.11433
2.81167 0.648403 1.3194
1.86616 2.62596 1.2077
2.71988 2.48832 1.12535
1.78767 0.94709 1.38661
2.51735 2.50778 1.38147
2.6997 2.28671 1.01798
0.49426 1.17091 1.02167
1.16477 0.945139 1.16417
0.637077 0.8714 1.33516
2.62255 1.9933 1.67058
2.27526 1.37398 1.13923
1.27625 2.54826 2.49224
1.80973 1.07548 1.10914
2.90702 2.50077 1.51537
2.81009 0.786904 1.30631
2.98773 2.84916 1.30296
0.616717 2.53862 1.36867
1.472 0.592815 0.838488
2.26189 1.14893 1.11548
0.76103 0.595384 1.20659
2.6746 1.43099 1.13713
0.609315 1.28657 1.45217
1.25592 0.786682 1.10253
2.65459 0.674609 1.03908
1.61174 1.21285 1.05241
2.15801 1.3548 1.13649
5.34683 1.88643 1.12744
1.04731 1.12216 1.07653
2.67477 2.78512 1.01842
1.69775 1.59072 2.46326
3.02824 0.657154 1.21024
2.09714 1.99205 1.24254
0.979619 1.1925 1.5216
1.73417 2.46485 1.08283
1.123 2.43068 2.44102
2.63107 1.07585 1.36241
3.03181 0.574067 1.23733
3.84536 1.29452 1.72044
0.780357 2.62585 1.14037
1.68601 1.41677 1.20843
0.565573 1.11428 1.48324
2.03587 0.588828 1.79756
1.60862 1.94644 1.22813
0.664062 1.07199 1.02482
3.79632 2.45223 1.2442
0.783812 0.728114 1.14613
6.08061 1.38657 1.10462
2.57623 1.23886 0.544836
2.55652 0.588778 1.09748
2.24866 2.24924 1.31274
1.31649 0.979976 1.12872
1.90205 1.02041 1.028
1.63439 1.96314 1.025
0.989343 0.822357 1.23481
1.06108 0.884726 0.984012
3.31784 1.30956 1.04027
2.85614 1.92395 1.2219
1.63037 0.619631 0.999578
2.92976 2.18247 1.11884
0.884386 1.32223 1.11329
2.31697 0.966519 1.13214
2.61357 1.05859 1.35756
2.63426 0.533055 1.23113
0.947416 1.13031 1.27757
1.66285 2.60051 1.07926
2.45282 1.17121 1.09414
1.30211 1.03039 1.15408
3.32062 1.28431 1.3524
1.52498 0.499022 1.22238
1.78687 1.03974 1.72716
1.7938 1.29947 1.13731
3.51532 0.83997 1.04204
2.1472 2.53418 1.2421
0.985222 0.511113 0.980633
2.36248 1.0382 1.32122
0.677729 2.69484 1.5052
2.51577 2.61071 1.19162
1.00375 0.780064 1.25252
1.16697 0.884626 1.20103
2.44401 2.60961 1.10293
0.994102 0.870156 1.09071
0.698805 0.749158 1.17698
2.67687 2.17224 1.05904
2.64703 1.96459 1.13127
2.43827 2.74927 2.54189
2.44171 1.12118 1.28099
4.48946 1.49682 1.43456
0.608836 0.612038 0.983795
2.19373 1.36862 1.0924
1.4176 1.70346 1.19284
3.1639 1.74991 1.23919
2.36348 2.45331 2.48955
4.41248 2.56358 1.22187
0.583563 1.10846 1.27364
0.945685 2.3353 1.15866
1.33902 0.665943 1.0153
0.9148 1.47708 1.24174
2.79614 0.748467 0.885496
0.757793 2.56123 1.12247
2.6417 2.10228 1.33186
2.52349 2.5224 1.22613
2.62724 2.62357 1.10645
2.89982 2.45236 1.2635
1.19887 0.583589 1.05925
2.55796 2.84899 1.23337
1.80795 0.846578 0.898754
2.65066 1.26942 1.13648
7.68795 0.869876 1.29842
2.91265 1.02483 1.03791
2.49378 2.44658 2.42724
2.43585 1.56009 1.18217
2.57769 1.18532 1.34898
0.563774 1.39015 1.06592
2.84525 1.33118 1.07047
1.60742 0.874462 1.40107
1.577 1.79011 1.05387
0.897564 0.408942 1.14045
1.93409 1.29428 1.55169
2.23203 0.59689 1.23835
0.91621 1.73668 0.689144
2.44968 0.673317 1.87309
3.01809 1.21393 1.07882
3.03265 1.07679 1.07341
1.21131 0.798959 1.06641
2.42488 2.43988 1.21236
1.79789 1.07876 1.35336
9.76222 2.44867 2.44832
1.37326 1.84711 1.15487
3.90734 2.43694 1.28745
2.03895 1.13052 1.13201
1.26579 2.33496 1.38376
5.74194 1.44071 1.37349
2.57439 1.25137 1.06595
0.83558 0.669251 1.31006
3.76807 2.0743 1.5081
2.17986 2.25721 1.03374
2.45646 0.944773 1.08175
2.82493 2.44256 1.1555
1.02065 1.85594 1.29643
2.91958 0.807251 1.02206
1.712 1.17487 1.44357
1.96554 1.30547 1.1953
2.42638 0.79558 1.19598
1.96492 0.795558 1.1853
7.14765 0.977714 1.20786
2.32232 0.662157 1.12273
2.50329 1.49234 1.11605
1.36703 1.24466 1.23501
1.23213 1.41898 1.4167
0.967304 2.23171 1.29385
3.19139 2.62914 1.1757
8.53738 0.895842 1.10538
2.4857 2.97446 1.2401
0.687597 0.475488 1.1716
2.64123 2.43552 1.0446
1.31877 1.45891 1.47996
0.795873 0.667035 1.28797
2.65527 1.03878 1.04909
2.40017 0.942295 1.27623
2.15594 1.89802 1.00566
1.82929 0.678262 1.19355
2.45845 0.715979 1.30486
2.92479 2.60879 1.23898
0.564447 1.34532 1.36646
2.96235 2.44543 1.03224
0.832829 2.22227 1.17523
1.01943 0.8042 1.11698
2.50981 2.60054 1.01167
2.38061 0.649325 1.12858
0.608128 0.833268 1.28837
2.52911 0.891003 1.13222
2.62708 1.27632 1.04457
1.1227 1.00792 1.05762
0.620508 0.635128 1.26308
2.77712 1.50277 0.850337
4.94159 0.83596 1.00571
0.767818 2.49137 1.62534
3.16594 1.53873 1.5632
1.16675 1.32843 0.97754
1.55488 0.591236 0.796538
2.46666 2.43204 1.23581
CASE 100000
0.401318 0.517704 0.309864
1.11524 0.380527 0.360476
1.11254 0.46137 0.201364
0.811803 0.233211 1.02464
0.907418 0.367778 0.384797
0.634902 0.383366 0.638912
0.43214 0.299694 0.302824
0.119863 0.374426 0.228281
0.457308 0.594826 0.398251
0.222418 0.613942 1.05033
1.87288 1.46261 0.998161
0.858692 1.06712 0.651235
1.43431 0.865258 0.661453
0.301432 0.444338 0.955914
0.456031 0.413904 0.36074
0.541602 0.213758 1.0348
0.672394 0.857213 0.986794
0.473239 0.344139 1.06144
1.36165 1.00913 0.393342
1.71811 0.521106 0.352042
0.758138 0.318734 0.101847
0.529004 0.807271 0.949312
1.24193 1.31684 0.476188
0.500627 0.639515 1.09429
1.10602 1.13839 1.05407
0.886171 0.837178 0.284276
1.28937 0.387925 1.02669
0.477929 0.36036 0.10496
1.29104 0.985059 0.555875
0.183527 0.21182 0.715152
0.497253 0.311982 0.118437
0.697224 0.613511 0.170734
0.749242 0.473836 0.330249
0.451277 0.527764 0.521427
1.07539 0.486144 0.434465
0.723741 0.569403 1.11352
0.370189 0.648404 0.173429
2.24949 1.23861 0.309098
0.758285 0.360998 0.219303
1.31005 0.468564 2.41543
1.40562 1.59892 1.0524
0.458385 0.832403 0.499109
0.84023 0.751219 0.55428
0.888453 0.780786 0.41391
0.147468 0.237406 0.363378
1.20797 0.425186 1.09532
0.737433 0.838357 0.227946
1.10102 0.295315 0.73826
0.772472 0.500792 0.194915
0.445955 0.527913 0.228979
2.88472 0.994052 0.42983
0.312967 0.364042 1.01114
0.399315 0.436087 0.626591
0.647751 0.263509 0.405215
1.2836 1.01347 0.296741
1.03109 0.650255 0.706081
1.522 0.522388 0.142912
0.361193 0.27275 0.315263
0.0673538 0.713829 1.4816
1.61994 0.814037 0.988133
0.611616 0.487397 0.102673
0.76747 0.324335 0.273663
0.891819 0.493558 0.37789
0.462373 0.593104 0.361254
1.25821 0.358515 0.560126
1.08138 1.08042 0.534455
0.390694 0.31104 0.222196
0.57814 0.293413 0.170881
0.459525 0.79987 0.573402
0.737035 0.511294 0.303766
1.79196 0.273661 0.265259
0.252638 1.02428 0.203105
0.817597 0.391485 0.611729
1.38513 0.505819 0.13326
1.42876 0.398324 0.459778
0.895117 0.866022 0.22792
0.848001 0.324977 0.548528
0.374198 0.711587 0.162999
0.576168 0.884999 1.48058
0.907572 0.384739 1.02166
0.738455 0.71385 0.222544
1.364 0.689536 0.486852
0.214251 1.1497 2.41514
1.15573 0.649178 1.02441
0.454969 0.525381 0.350634
1.04454 0.126164 0.248049
0.575415 0.666282 0.409421
0.513604 0.402994 0.969672
0.345516 0.314057 0.351028
0.66364 0.910422 0.292653
0.865391 0.875615 0.529498
1.06669 0.832311 0.171783
1.47197 0.32845 0.998041
1.23336 0.247569 0.240706
0.526737 0.599175 2.41225
1.10056 0.555368 0.339393
1.52885 1.2068 0.324978
1.15238 0.319826 0.191444
1.9547 0.229341 0.254049
1.8649 0.428013 0.570033
0.499022 0.197954 1.04426
1.48835 0.955436 0.447246
0.53319 0.506631 0.359561
0.358106 0.61038 1.33785
0.176982 1.30387 0.259884
1.28084 1.08319 0.187568
0.530636 0.384603 0.321237
0.530727 0.413716 0.458396
0.482983 0.907014 0.270648
0.936108 0.812723 0.552079
1.19003 0.25267 0.711613
0.426073 1.19795 0.680771
0.266118 0.209663 0.411468
1.24028 0.380196 0.293999
1.01563 0.460074 0.390235
0.163928 0.61271 0.255111
1.27843 1.05829 0.297913
0.57526 0.455406 0.521477
0.876418 0.350025 0.393427
0.645807 0.543044 0.573525
0.531834 0.910989 0.314718
1.6917 0.600738 0.131268
0.921573 0.698904 0.298102
0.396864 0.531922 0.657486
1.27311 1.67633 0.233262
0.229346 0.470144 0.497368
0.979208 0.567099 0.186096
0.973063 0.570267 0.165092
1.079 0.312244 0.662757
0.917395 0.250804 0.412153
0.943422 0.711281 0.336832
0.682484 0.781879 0.591574
0.31367 0.325036 0.450052
0.413513 0.537105 0.987897
0.313467 0.892812 0.603982
0.584937 1.20177 0.616046
0.283424 0.530807 0.334779
1.86772 0.28191 0.983736
0.202121 0.380552 1.05168
0.36146 0.983833 0.528969
0.457524 0.605971 0.640944
0.749236 0.691099 0.627697
1.63603 1.11146 1.06403
0.914959 0.638234 0.178666
0.290304 0.782892 0.740805
0.445638 0.717681 0.596054
0.479719 1.82765 0.371985
2.55121 1.4788 0.200614
0.724065 0.392833 1.04766
1.1697 0.368927 0.795713
0.385452 0.691082 0.379204
0.916899 0.257238 0.245828
0.935007 0.142463 0.316469
0.95878 1.24944 0.371863
0.477106 0.408648 0.244872
1.60626 0.944814 1.02027
0.882915 1.18853 0.434817
0.92886 0.320572 2.41399
1.32159 0.517284 0.35932
0.971109 0.522502 0.534406
1.64356 0.601178 0.194149
1.00663 0.350298 0.317017
1.89613 0.615148 0.430869
1.45361 1.59692 0.401554
1.27327 0.952511 0.329916
0.787186 1.5383 0.628583
1.00076 0.613572 0.402926
0.554938 0.466234 0.60631
1.43702 0.434489 0.320049
1.37946 0.300202 0.655096
0.51204 0.917211 1.14926
0.627715 0.657614 0.354014
1.02152 0.391079 0.341664
0.398334 1.03792 1.03675
0.783596 0.401623 1.06661
1.3129 0.407688 0.625891
0.650034 0.275401 1.06493
0.396125 0.825521 1.45977
0.667374 0.483958 0.149016
1.45397 0.307784 0.329786
0.662112 0.360858 2.41659
0.744542 1.19649 0.258888
0.979483 0.717705 0.249585
0.593187 1.04762 0.274734
0.493918 1.18105 0.643826
0.797717 1.10162 0.298205
0.385531 0.0799278 0.996064
1.35785 0.44459 0.254128
1.46159 0.794524 0.151605
1.09073 0.467737 0.356702
1.06775 1.66284 0.322037
0.473066 0.813502 1.00577
0.438366 0.559736 0.233416
0.65276 0.764111 0.285228
0.267242 1.1632 0.185647
1.43979 0.325263 1.52069
1.16934 0.422121 0.715728
0.76077 0.574215 0.545658
2.00609 0.461435 0.28386
0.7758 0.572828 0.341879
0.43886 0.500251 0.222766
0.413473 0.665091 0.356121
1.3185 0.724653 0.998241
1.01471 0.66263 1.08805
0.839367 0.729598 0.21484
0.674001 0.300957 0.376485
0.655014 0.366913 0.198795
1.27927 0.574287 0.159092
0.519176 0.609193 1.70219
2.10798 0.896003 2.41762
1.07994 1.47244 0.680347
0.947947 0.460865 0.676833
0.163768 0.275427 0.987646
1.16411 0.663565 0.364547
0.669164 0.370845 1.05759
1.2571 1.16588 0.575197
0.794607 0.291089 0.252402
0.484828 0.390277 0.532556
0.684233 0.191236 2.42204
0.771626 0.607371 0.263223
0.952917 0.918815 0.314486
0.398646 0.360366 0.456952
1.03603 1.03888 0.190299
0.421573 0.435509 0.19909
1.58619 0.260536 1.02179
0.335364 0.69118 0.348843
0.522372 0.648843 0.532328
0.273651 0.316339 0.199527
1.34743 0.699487 0.179974
1.45823 0.411518 0.523723
1.1255 1.50688 0.321679
0.781505 0.841785 0.332643
0.558467 0.724567 0.427697
0.856321 0.499419 0.310074
0.852192 1.18378 0.309166
0.411201 0.459356 0.280049
0.333326 0.531752 0.381935
0.377048 0.529429 0.239526
1.95012 0.298946 0.283468
0.495733 0.42267 0.21709
0.221486 0.191155 0.26837
1.21805 0.144568 0.750798
0.882379 1.04259 0.283862
0.301234 0.343411 0.242455
0.50921 0.486093 0.454037
0.870947 0.45817 0.177609
0.639736 0.326335 0.355048
0.277945 0.518565 0.205158
1.18183 0.27337 0.357004
0.574892 0.518669 0.223272
1.55345 0.156131 0.809231
0.508309 0.360895 1.07411
0.435259 0.448691 0.310595
0.270351 0.455033 0.154935
1.43403 1.70614 0.282521
0.495871 0.388178 0.280611
0.361248 0.519972 0.279049
1.36209 0.416464 0.970064
0.941435 0.189728 0.168367
0.503554 0.383089 1.02683
0.762286 0.711599 0.967264
1.70075 0.748799 1.02495
0.553786 0.116193 0.319463
0.599023 0.595274 0.220976
1.14941 0.552031 0.270615
1.21675 0.467946 1.01362
0.577335 0.631508 0.705496
0.717756 0.585202 0.313813
0.527559 0.461487 0.758367
0.566946 0.355089 0.539226
1.77935 0.368407 0.186731
0.665703 0.286882 0.581556
0.739166 0.308212 0.36475
0.870085 0.699855 1.03559
0.76646 0.511363 0.246906
1.04508 0.6515 0.244795
0.876919 1.26918 1.11743
0.20557 0.438903 1.1088
0.512309 0.683063 0.248882
0.413667 0.692039 0.144567
1.44678 0.399775 0.532755
0.563284 0.368495 0.544024
1.03319 0.329549 0.56473
1.94382 0.125065 2.418
0.903951 0.434129 0.298955
1.42135 0.609235 0.589925
0.712215 0.553793 1.01326
0.818673 0.453008 1.04457
0.662894 0.302754 0.573355
0.721646 0.522155 0.534819
1.69798 0.434016 0.178434
0.456977 0.546955 1.01186
0.83638 0.402133 0.31516
0.733726 0.983635 0.120379
0.984773 0.433941 0.57817
0.327912 0.390647 0.119591
1.00265 0.839029 1.07396
0.734433 0.263628 0.383341
0.791509 0.374443 1.04438
1.71213 0.611603 0.325133
1.31351 0.696323 0.372268
CASE 0
