CASE 100
0.490159 0.910582 0.668572
1.58318 0.800678 0.516882
0.58396 0.765277 0.425846
0.483953 0.865349 0.658066
0.683594 0.65374 0.483306
0.547334 1.04071 0.53318
0.517909 0.676294 0.531727
0.311678 0.753129 0.431678
1.58715 0.845391 0.396611
1.07816 0.903271 0.68004
0.402689 0.675598 0.582449
0.365997 0.741739 0.513545
0.336581 0.990627 0.537628
1.61899 0.698677 0.496591
0.590495 0.799665 0.384529
0.57898 0.755467 0.508451
1.56882 0.727632 0.387353
0.297738 0.740233 0.390826
0.549939 0.876637 0.440056
1.58408 0.654415 0.381237
1.57901 0.988834 0.553086
1.57727 0.671122 0.369567
0.24342 0.748877 0.56023
0.674576 1.04437 0.478622
0.322585 0.787812 0.458031
0.361613 0.819859 0.439575
0.418466 0.742576 0.386639
0.570917 0.707599 0.452004
1.58711 0.655336 0.301727
0.492722 0.705533 0.468965
1.62288 1.00444 0.358667
1.63455 0.710758 0.635714
0.63705 0.745977 0.496084
0.613077 0.92917 0.374261
0.391644 0.673733 0.52582
0.760146 0.786534 0.444304
0.551081 0.678201 0.567006
1.60149 0.713243 0.725958
0.51446 0.730078 0.594854
0.982628 0.916356 0.60847
1.56972 0.766693 0.530003
0.51673 0.630355 0.577408
1.56621 0.699191 0.605418
0.336806 0.759059 0.652166
0.332953 1.09876 0.533215
0.587021 0.919363 0.618917
0.515563 0.543894 0.403854
0.724388 0.906962 0.18461
0.358489 0.91751 0.611
0.695862 1.60358 0.453446
0.770672 0.744597 0.372045
0.409048 0.868462 0.6599
1.56911 0.68213 0.364699
1.61385 0.866696 0.65778
0.855679 0.697616 0.660139
0.605656 1.03452 0.503926
0.437671 0.859881 0.467735
0.358386 0.795352 0.523544
0.645516 0.766512 0.574157
0.286982 0.836722 0.303816
0.739783 0.872548 0.587894
0.607414 0.731323 0.539887
0.363223 0.870171 0.445279
0.410071 0.985778 0.650874
0.564496 0.755725 0.313004
0.486008 0.912452 0.57059
0.570559 0.879524 0.472853
0.403963 0.774317 0.537238
1.61949 0.815951 0.50364
0.334368 1.19515 0.478995
0.776844 1.55535 0.530169
0.433657 0.759519 0.601467
0.849997 0.875708 0.557946
1.61981 0.777304 0.52403
0.279227 0.77723 0.519269
0.613265 0.894559 0.454247
0.53848 0.858041 0.414861
0.590913 0.745364 0.420576
0.698484 0.693549 0.580387
1.5947 0.765385 0.599261
0.576812 0.994905 0.415332
0.483851 0.661467 0.559701
0.591514 0.734126 0.298769
0.454553 0.913636 0.61968
1.60214 0.791877 0.503794
0.357176 0.813668 0.652822
1.62439 0.701899 0.449349
1.58963 0.787435 0.418504
0.259255 0.78446 0.432449
0.557621 0.821909 0.566755
1.57536 0.773507 0.462582
0.427988 0.678636 0.682182
1.60663 1.58853 0.521512
0.32743 0.83133 0.390958
0.471314 0.736366 0.578376
0.978271 0.725266 0.442187
0.443777 0.704246 0.639283
0.702219 0.729519 0.502778
0.234118 0.682661 0.533364
0.382575 0.646053 0.340393
0.52709 0.65383 0.362105
CASE 1000
0.161169 1.56574 0.413599
0.342201 0.334522 0.312468
0.26048 0.209946 0.380723
0.318201 0.181561 0.141674
0.187052 0.637858 0.37732
0.250266 0.965525 0.453517
0.294719 0.309749 0.307403
1.56684 0.252125 0.474714
0.268283 0.640245 0.522784
0.320966 0.199944 0.225982
1.5711 0.673917 0.262173
0.282858 1.57429 0.36549
0.122251 0.665814 0.232799
0.32394 0.172939 0.231183
0.300122 0.211926 0.289592
1.56736 0.644915 0.428215
0.290198 1.56791 0.419114
0.28951 0.0716396 0.332468
0.202833 0.290454 0.227393
1.57024 0.177599 0.302285
0.322534 0.65309 0.469357
0.360186 0.330791 0.253738
0.231172 0.646945 0.501378
0.269481 0.240772 0.264245
0.354382 0.674244 0.404989
1.5692 0.684863 0.271852
0.327708 0.716523 0.467958
0.192353 0.35744 0.210199
0.270245 0.362616 0.0988812
0.316781 0.31673 0.324843
0.142136 0.479117 0.560071
0.239295 0.688346 0.498281
0.290398 0.342748 0.233878
0.300991 0.62899 0.554569
0.360541 0.342588 0.0764037
0.366008 0.383753 0.348601
0.415819 0.230186 0.227918
0.361392 0.433729 0.485343
0.278847 0.0854465 0.284117
0.299341 0.330004 0.464571
0.292258 0.467702 0.309564
0.385111 0.317567 0.397051
0.27916 0.338671 0.357649
0.675687 0.683929 0.611162
0.295165 0.660913 0.312545
0.721226 0.0907276 0.469263
0.0804211 0.451036 0.187888
0.194897 0.627351 0.398248
0.244848 0.710508 0.510502
0.21656 0.183142 0.380117
0.77943 0.635736 0.265018
0.179202 0.326477 0.460893
0.645482 0.690947 0.29365
1.56648 0.697358 0.189861
0.236461 0.401272 0.385797
0.561729 0.238515 0.329856
0.288686 0.653458 0.413058
0.447934 0.343736 0.380181
0.388289 0.370657 0.406928
0.0531233 0.617813 0.237244
1.57477 0.341068 0.296559
0.159893 0.645795 0.157872
0.33622 0.166436 0.313734
0.58371 0.18791 0.441666
0.32916 0.174416 0.34723
1.16463 0.694562 0.49526
0.644073 0.654144 0.453241
0.415738 0.117266 0.125112
0.30639 0.640164 0.374741
0.282884 0.770588 0.350215
0.124766 0.357955 0.451203
0.234577 0.207102 0.351731
0.758819 0.718003 0.451138
1.56557 0.642624 0.307197
0.41897 0.624472 0.141947
0.588466 0.385895 0.382985
0.106358 0.102339 0.192842
0.13031 0.408868 0.311565
0.31757 0.367539 0.219439
0.575068 0.293223 0.358146
0.36246 0.194486 0.254644
0.254583 0.347207 0.341637
0.984052 0.210939 0.273161
0.321319 1.57325 0.527956
0.17305 0.642492 0.329616
0.344211 0.23651 0.369919
1.56667 0.388216 0.312913
0.392013 0.636428 0.402082
0.182286 0.497962 0.234663
0.288539 0.193964 0.287963
0.182232 0.671149 0.524583
0.154476 0.674397 0.374369
0.16489 0.651388 0.263866
0.320921 0.0725776 0.24659
0.306303 0.181401 0.220501
1.5778 0.639959 0.276988
1.5659 0.653608 0.257177
0.292813 0.192157 0.148268
1.56615 0.640792 0.449832
1.56541 0.643158 0.525495
0.296337 0.353155 0.167252
CASE 10000
0.0684871 0.02006 0.133412
0.0181543 0.0786086 0.150468
0.0193333 0.178076 0.109942
0.07697 0.0776266 0.153617
0.0630092 0.233112 0.16898
0.0306257 0.143876 0.129379
0.0346434 0.127225 0.145331
0.319207 0.119363 0.147884
0.144918 0.220155 0.109766
0.0453658 0.0821427 0.364145
0.0345601 0.110897 0.143566
0.0774457 0.0688499 0.166454
0.115531 0.303951 0.32496
0.177763 0.175483 0.262517
0.169156 0.192362 0.429033
0.217454 0.0770388 0.0849204
0.0657488 0.132454 0.15573
0.0976128 0.148632 0.142458
0.0817744 0.0809032 0.0645219
0.157614 0.0432007 0.110843
0.270637 0.125002 0.145883
0.0568856 0.0441426 0.174743
0.13154 0.299698 0.235282
0.058491 0.0895749 0.118928
0.0420283 0.0609168 0.106174
0.15448 0.152543 0.160937
0.0795148 0.0573227 0.428317
0.0558315 0.100466 0.0877745
0.0545264 0.125311 0.103788
0.196985 0.216449 0.299919
0.168961 0.0739868 0.128146
0.082509 0.092508 0.262431
0.328332 0.300989 0.290824
0.0379867 0.0801455 0.141767
0.0569915 0.157056 0.168096
0.17328 0.204534 0.282197
0.0544876 0.0899659 0.0780912
0.119566 0.42126 0.235851
0.237292 0.151214 0.157508
0.155866 0.386954 0.265627
0.11494 0.259454 0.363813
0.222002 0.0462216 0.143392
0.0227592 0.128517 0.157673
0.176974 0.177574 0.193921
0.303497 0.075803 0.286055
0.10806 0.0572926 0.226692
0.194218 0.186782 0.22725
0.0930707 0.0274122 0.332877
0.0990788 0.0811672 0.0945234
0.170909 0.131812 0.227883
0.168352 0.0380291 0.0706247
0.0678953 0.0371837 0.224211
0.0792611 0.108832 0.347633
0.154021 0.1955 0.195041
0.131242 0.0664272 0.392255
0.107837 0.109816 0.0888844
0.095905 0.116393 0.178902
0.0191145 0.0673712 0.209738
0.0646475 0.14752 0.134821
0.293855 0.175687 0.329471
0.0740721 0.322164 0.26339
0.312986 0.115273 0.0895429
0.0296571 0.0899743 0.082967
0.0430446 0.186157 0.320141
0.0816458 0.0782843 0.162103
0.0514747 0.172689 0.236907
0.05833 0.100974 0.121392
0.25018 0.0961666 0.0934471
0.134805 0.171024 0.143308
0.163815 0.145208 0.206806
0.104165 0.251552 0.275671
0.231672 0.0568956 0.221061
0.0520133 0.211523 0.191871
0.0676319 0.0774985 0.106411
0.0739736 0.126241 0.177346
0.076491 0.118429 0.169936
0.0932455 0.0774346 0.115505
0.0970128 0.0518346 0.180053
0.188989 0.191105 0.232115
0.0921669 0.168373 0.348407
0.286444 0.346575 0.233547
0.142474 0.095994 0.171397
0.090565 0.079438 0.157822
0.0904589 0.104639 0.299435
0.062458 0.158008 0.254628
0.251378 0.247543 0.222981
0.168466 0.0867809 0.208445
0.217813 0.0816116 0.0849634
0.0539809 0.044313 0.0773142
0.141305 0.0568658 0.150081
0.0854726 0.0948782 0.131964
0.0937421 0.185378 0.168728
0.166861 0.142714 0.0974907
0.0368809 0.141413 0.280921
0.0856172 0.0790062 0.299649
0.161876 0.151424 0.0668911
0.0489997 0.0436879 0.186507
0.0722426 0.112396 0.241545
0.185631 0.0566695 0.197304
0.201459 0.0935546 0.152505
0.293201 0.141975 0.23411
CASE 100000
0.00782367 0.0391869 0.0486725
0.0335546 0.033097 0.050446
0.0579006 0.0393976 0.0790112
0.00634942 0.0385317 0.037251
0.0354568 0.0583209 0.060637
0.0132864 0.0593156 0.0695923
0.00652013 0.0409732 0.111554
0.074669 0.0776002 0.071202
0.0456218 0.0245364 0.0531474
0.0137835 0.051274 0.08779
0.0106066 0.0287285 0.0460535
0.0307431 0.0853573 0.0743125
0.0928715 0.0208848 0.0734234
0.0140203 0.0168694 0.0356341
0.00696973 0.0905758 0.0647651
0.0288279 0.0294216 0.0749344
0.0194493 0.0420762 0.0419199
0.0123773 0.0447699 0.0687437
0.0114455 0.0794866 0.0882189
0.0195706 0.0374439 0.0760044
0.028414 0.0397697 0.0129921
0.0191493 0.0505211 0.0374988
0.0516372 0.0287674 0.0715702
0.0164651 0.0453607 0.0831899
0.0350565 0.041933 0.0590582
0.0172135 0.0522107 0.084653
0.0301081 0.0604346 0.0561809
0.0517781 0.0394099 0.0322095
0.026201 0.0513831 0.0673817
0.0937011 0.03339 0.052663
0.0291196 0.0587502 0.0621619
0.0644137 0.029065 0.0262241
0.0522902 0.031362 0.0592752
0.0336101 0.0325512 0.0518656
0.0160592 0.0360989 0.0861032
0.0220544 0.0344892 0.0576887
0.0127186 0.0229791 0.0573596
0.0384672 0.0874608 0.031613
0.0192456 0.044546 0.0454434
0.0272387 0.080238 0.083405
0.0625293 0.0372326 0.0835034
0.063921 0.0393957 0.0600643
0.00844727 0.047188 0.0739862
0.0544252 0.0893351 0.0364778
0.0448988 0.024474 0.0605933
0.0232994 0.0242641 0.0748842
0.00762497 0.0298742 0.0127691
0.10529 0.0475615 0.0922464
0.0127598 0.0556034 0.0972235
0.0151616 0.0271015 0.0419132
0.0315524 0.0430999 0.0509556
0.0422788 0.0718338 0.0691734
0.073472 0.0393245 0.0447507
0.0129907 0.0265071 0.0321418
0.025503 0.0260928 0.0472433
0.0167589 0.0275829 0.0490644
0.0761372 0.0924148 0.0430383
0.00749492 0.0393118 0.123466
0.0398229 0.0566417 0.0503919
0.0477594 0.0550458 0.0562179
0.0416649 0.121738 0.0566699
0.0275494 0.0985692 0.0623555
0.027578 0.0455487 0.0265854
0.00918875 0.0338116 0.0345517
0.0248208 0.0363317 0.0142711
0.0506194 0.0371577 0.0225633
0.0585906 0.0367639 0.0390102
0.0315817 0.0439214 0.0457766
0.0191901 0.0246388 0.0514903
0.0480412 0.0626668 0.0692892
0.0948842 0.132067 0.0551057
0.094203 0.0283051 0.0588533
0.0757213 0.0350843 0.149468
0.071064 0.0258551 0.0396711
0.0671283 0.0346883 0.0469859
0.0624095 0.0471928 0.0512529
0.0420882 0.0593742 0.0735809
0.0181428 0.0429854 0.0159531
0.0116393 0.0346723 0.0553899
0.0147298 0.0906515 0.0657693
0.0237934 0.0177859 0.0172746
0.0594962 0.0787761 0.0200344
0.0170088 0.0299823 0.0723152
0.0586138 0.0305985 0.0560091
0.021059 0.0695463 0.121998
0.0189685 0.0407381 0.0452384
0.0163059 0.037196 0.0834193
0.00744951 0.0217968 0.0652431
0.0956296 0.0563147 0.0531745
0.0598693 0.0532323 0.0369557
0.0261339 0.0691918 0.0318536
0.0222014 0.0535139 0.0254793
0.0521802 0.0661327 0.0618075
0.0550606 0.100291 0.122923
0.0332355 0.022899 0.0855105
0.0394682 0.0575044 0.0503137
0.0123359 0.0629373 0.0557319
0.0138382 0.034436 0.0153673
0.00236795 0.0497922 0.0722947
0.0449534 0.0317916 0.0843623
0.0189556 0.0936987 0.033621
CASE 0
