CASE 100
0.11786 0.100225 0.100844
0.330757 0.330757 0.176917
0.0998462 0.164036 0.164051
0.119699 0.10106 0.0496117
0.047625 0.0510849 0.049309
1.26391 0.179006 0.315969
1.98667 0.0145419 0.0145613
0.581839 0.329552 0.190665
1.40183 0.0253007 0.0251259
0.151651 0.151651 0.092109
1.71681 0.130765 0.130765
0.168465 0.179697 0.179697
1.29802 0.17866 0.178685
1.85157 1.85157 0.0972763
0.212517 0.154223 0.121481
0.0744897 0.0707108 0.0849984
0.198472 0.154315 0.15719
0.158191 0.175393 0.125256
0.140451 0.140451 0.143486
0.187909 0.112059 0.0744507
0.255987 0.107358 0.105572
0.652962 0.22164 0.229146
0.20533 0.139547 0.228724
0.193236 0.186985 0.186985
0.464779 0.464774 0.29014
0.146008 0.137528 0.137528
0.23308 0.14094 0.14094
1.37568 0.0588578 0.0541316
0.231113 0.221799 0.179076
0.79352 0.447908 0.470035
0.161089 0.170784 0.170784
1.69249 1.41737 0.0946399
0.226674 0.226674 0.226698
0.336888 0.336888 0.241298
0.23625 0.23625 0.182506
0.149113 0.202242 0.230768
0.233412 0.233412 0.204355
0.113301 0.121079 0.121079
0.429028 0.250042 0.122766
0.258571 0.257077 0.257108
0.0978874 1.6679 0.158493
1.89423 1.89423 0.111843
1.38566 0.0342339 0.0342353
0.0833014 0.0833014 0.0524731
0.295075 0.295075 0.274785
0.0494955 0.0530825 0.0489598
0.286478 0.243954 0.402362
1.61341 0.119102 0.102185
0.151842 0.151842 0.188438
0.133441 0.133441 0.133441
0.238379 0.215121 0.206548
0.206251 0.207237 0.207237
0.112774 0.112774 0.112774
0.135903 0.135903 0.238638
0.153839 0.153839 0.176154
1.77235 1.43723 0.162706
0.496789 0.487212 0.26602
0.0804116 0.0825494 0.0780512
0.04574 0.044583 0.0503113
0.250662 0.250662 0.436759
0.114797 0.114797 0.254463
0.771306 0.771306 0.0910026
0.279706 0.266812 0.266812
1.9678 1.9678 0.175845
0.223276 0.142306 0.143689
0.263827 0.065785 0.0887868
0.381878 0.381878 0.136592
0.0871368 0.0871368 0.0839785
0.233348 0.535589 0.156165
0.0642205 0.0649451 0.0649451
0.0655676 0.0655676 0.0522951
0.102583 0.0913093 0.0913135
0.214286 0.122359 0.122359
0.113883 0.113009 0.113017
0.290816 0.148033 0.148033
1.71227 0.11137 0.11137
1.88016 0.227095 0.0868074
0.260963 0.260963 0.140542
0.291469 1.75766 0.291494
1.69192 1.38328 0.0450946
1.8815 1.8815 0.0965469
0.150863 0.171049 0.171049
1.87275 1.87275 0.0787942
0.23936 0.296164 0.108432
1.9576 1.9576 0.19894
0.103607 0.103607 0.0646275
1.93996 1.93996 0.0914939
0.127534 0.168059 0.165448
0.100918 0.0958217 0.162893
0.17326 0.1434 0.141207
0.413169 0.445763 0.424113
0.128277 0.133533 0.133533
0.535418 0.535418 0.264953
0.327034 0.159789 0.138887
0.244545 0.238546 0.238546
1.37288 1.37288 0.188965
0.155706 0.124121 0.119124
0.0501443 1.40363 0.0363483
0.1638 0.1638 0.0655037
0.467467 0.0799011 0.0799011
CASE 1000
0.302161 0.185859 0.138101
0.0606063 0.0606063 0.0541967
0.0925753 0.0925753 0.126844
0.110971 0.118623 0.118623
0.0212406 0.0237167 0.0234038
0.033319 0.033319 0.033319
0.0813032 0.0887044 0.0887044
0.0550795 0.0782825 0.0782825
0.185408 0.185408 0.246292
0.0141506 0.0141506 0.0111511
0.206204 0.0722616 0.063911
0.127764 0.127764 0.188958
0.0863258 0.0863258 0.0952592
0.129788 0.129788 0.0840991
0.0718382 0.0503971 0.0504142
0.108879 0.0994587 0.0994587
0.196385 0.161429 0.155152
0.00222735 0.00222735 0.00222475
0.229241 0.227451 0.12091
0.0870828 0.0870828 0.129429
0.117689 0.103612 0.152432
0.151851 0.153298 0.153298
0.131596 0.131596 0.118329
0.0621333 0.0554817 0.0605148
0.116189 0.115516 0.112931
0.0934047 0.0866306 0.0840828
0.0868555 0.069658 0.108845
0.138433 0.129138 0.129138
0.034489 0.0428513 0.0428513
0.0845093 0.0845093 0.0917377
0.290123 0.142767 0.131338
0.111005 0.111005 0.0560449
0.223129 0.142264 0.142264
0.156425 0.145882 0.173642
0.32359 0.271583 0.338904
0.508033 0.22748 0.542219
0.110393 0.110393 0.110393
0.198373 0.198373 0.0346518
0.0849087 0.0849087 0.0849087
0.23173 0.0788347 0.0788347
0.12088 0.120243 0.124315
0.163732 0.163732 0.139033
0.110704 0.110704 0.0872717
0.0841118 0.125485 0.125485
0.0547485 0.0538102 0.0538102
0.0554888 0.0615701 0.0615795
0.111215 0.108721 0.108721
0.208107 0.205181 0.178718
0.0452654 0.0617406 0.0617406
0.176603 0.192752 0.192752
0.284473 0.28446 0.1611
0.0833119 0.0833119 0.0833119
0.212245 0.212245 0.183492
0.186664 0.149464 0.0434546
0.052188 0.052188 0.0618157
0.00218981 0.00218981 0.00221266
0.148061 0.140156 0.140156
0.0793039 0.0787146 0.0546838
0.0687745 0.0687745 0.0873064
0.118599 0.137524 0.137524
0.296022 0.484469 0.135249
0.258438 0.148268 0.148268
0.148857 0.171774 0.171774
0.105179 0.105179 0.112605
1.91723 0.136588 0.125905
0.23628 0.240031 0.236048
0.184004 0.184004 0.143341
0.153676 0.251574 0.251574
0.071536 0.0586115 0.0586115
0.216976 0.210217 0.158645
0.174841 0.174841 0.22793
0.0958813 0.0960991 0.0364801
0.150098 0.163294 0.163294
0.275528 0.293585 0.164869
0.0580593 0.0597797 0.0597797
0.0656661 0.0656661 0.027633
0.130917 0.130917 0.130917
0.101361 0.104127 0.104127
0.185876 0.16303 0.16303
0.18682 0.141218 0.141218
0.0854342 0.0726662 0.0726662
0.227282 0.2189 0.0574266
0.194621 0.0709129 0.073166
0.125405 0.103224 0.103224
0.0278856 0.0510387 0.0510387
0.46312 0.40977 0.0675207
0.0419658 0.0417099 0.0417948
0.104036 0.0993826 0.0839793
0.0713106 0.129502 0.0672361
0.0444245 0.0444245 0.0454417
0.115384 0.102737 0.0996816
0.212015 0.200579 0.200579
0.0971976 0.0493848 0.0493848
0.0973188 0.0973188 0.0973188
0.110911 0.110911 0.184622
0.13052 0.13052 0.13052
0.280935 0.280935 0.204316
0.0924931 0.0944493 0.0944493
0.150483 0.114613 0.134219
0.0816398 0.0816398 0.0816398
CASE 10000
0.272502 0.257608 0.219434
0.0786001 0.0629832 0.0629832
0.115017 0.115017 0.115017
0.0512428 0.0497062 0.0497062
0.171649 0.171649 0.161762
0.029412 0.029412 0.0285617
0.718755 0.718755 0.0759995
0.093797 0.0919498 0.0919498
0.078589 0.078589 0.0861505
0.0703472 0.0670957 0.0670957
0.0240669 0.0232112 0.0238661
0.460212 0.050119 0.050119
0.0752117 0.0461176 0.0461176
0.139234 0.139038 0.141039
0.0838684 0.081416 0.081416
0.0980552 0.0394423 0.0394423
0.203743 0.203743 0.162017
0.0522948 0.0505868 0.0505868
0.105077 0.106722 0.106722
0.178713 0.168703 0.168703
0.108432 0.108432 0.108432
0.146891 0.15252 0.15252
0.110125 0.107516 0.107516
0.597688 0.0520952 0.0520952
0.0768868 0.0960292 0.0960292
0.126599 0.0981411 0.0981411
0.0429008 0.0141602 0.0141602
0.100797 0.0984338 0.0984338
0.0630878 0.0700516 0.0700516
0.216324 0.216324 0.216904
0.100762 0.100762 0.066297
0.0830978 0.0830978 0.0658997
0.126038 0.126038 0.140027
0.199299 0.145392 0.145392
0.225498 0.133482 0.133482
0.086172 0.0858029 0.0858029
0.0665467 0.0694983 0.0694983
0.11565 0.11778 0.11778
0.228984 0.0926173 0.0293478
0.141563 0.141563 0.141563
0.0751748 0.0790466 0.0763955
0.136618 0.134028 0.134028
0.220639 0.104112 0.104112
0.0573564 0.0573564 0.0555778
0.0514942 0.0516738 0.0475734
0.114409 0.120804 0.120804
0.143795 0.143795 0.144235
0.107281 0.107634 0.107634
0.156697 0.156697 0.158246
0.0705558 0.0705558 0.0800735
0.0983255 0.0983255 0.0983255
0.0706565 0.089876 0.089876
0.143613 0.143613 0.143613
0.0935169 0.0935169 0.0332739
0.103614 0.107802 0.107802
0.0134272 0.0134272 0.0133904
0.203167 0.117318 0.0982697
0.0482088 0.0491243 0.0491243
0.122047 0.108239 0.108239
0.15421 0.15421 0.149951
0.108359 0.108359 0.124017
0.236641 0.236641 0.136077
0.209081 0.209081 0.221216
0.140516 0.211545 0.0665837
0.102653 0.0927441 0.0927441
0.047327 0.045747 0.045747
0.0890374 0.090548 0.090548
0.110056 0.136315 0.132109
0.113675 0.108141 0.108141
0.0570102 0.026679 0.026679
0.0923542 0.0982728 0.0982728
0.0719006 0.0708053 0.0708053
0.0555893 0.0211165 0.0211165
0.241621 0.218168 0.219449
0.25942 0.25942 0.0184249
0.0879878 0.0706034 0.0858986
0.232163 0.195451 0.136656
0.0863807 0.0885746 0.0885746
0.0770408 0.0770408 0.0765383
0.175166 0.0953988 0.119052
0.134035 0.0972159 0.0972159
0.101062 0.105874 0.105874
0.137681 0.14518 0.14518
0.0965652 0.0962522 0.0962522
0.505241 0.505241 0.141281
0.13489 0.131712 0.131712
0.0659372 0.0659372 0.0659372
0.063552 0.063552 0.0639135
0.0700082 0.0707151 0.0838247
0.0302052 0.0282943 0.0282943
0.11857 0.103016 0.103016
0.0674139 0.0674139 0.0738138
0.091314 0.091314 0.0958038
0.105766 0.109195 0.117046
0.0759647 0.074181 0.0701453
0.0970808 0.0970808 0.103089
0.0173772 0.0174412 0.0174412
0.111325 0.103493 0.0940036
0.0470097 0.0432279 0.0432279
0.0605072 0.0630766 0.0630766
CASE 100000
0.0723951 0.0745953 0.0745953
0.0860516 0.0860516 0.0860516
0.0979198 0.0979198 0.0971808
0.157226 0.157226 0.157226
0.113624 0.113624 0.113624
0.094867 0.0958397 0.0958397
0.0357644 0.0363412 0.0363412
0.0897341 0.084977 0.084977
0.0899212 0.0871946 0.0863323
0.0611514 0.0611874 0.0629977
0.0702747 0.0766309 0.0766309
0.201264 0.198064 0.20229
0.137719 0.137719 0.083064
0.176905 0.182499 0.182499
0.144852 0.143964 0.143964
0.0191456 0.0191456 0.0191456
0.141215 0.141215 0.139542
0.140589 0.140589 0.140589
0.132324 0.132324 0.128726
0.0871906 0.095549 0.0843344
0.0369557 0.0357197 0.0365635
0.0718056 0.0718056 0.06721
0.0994373 0.113282 0.113282
0.104582 0.104582 0.093299
0.0824058 0.0824058 0.0824058
0.0996518 0.102786 0.102264
0.131012 0.129053 0.132897
0.135106 0.135106 0.128927
0.0844971 0.10699 0.10699
0.0495689 0.0495689 0.0500938
0.125479 0.12681 0.132333
0.018589 0.018589 0.0186402
0.10429 0.10429 0.0714954
0.0407257 0.0415345 0.0415345
0.0801924 0.0801924 0.0813467
0.165807 0.165807 0.165807
0.0894929 0.0953503 0.0948943
0.065715 0.0179591 0.0102851
0.0965137 0.0965137 0.0967257
0.0426101 0.0427305 0.0409809
0.152616 0.152912 0.152912
0.145782 0.14725 0.14725
0.0651389 0.0651389 0.0651389
0.0589365 0.0592483 0.0592483
0.0739511 0.0737847 0.0737847
0.103961 0.103961 0.103874
0.064849 0.0643855 0.0651908
0.0626623 0.0626623 0.0623314
0.10291 0.10291 0.106499
0.0878285 0.0917419 0.0917419
0.0604081 0.0573334 0.0490408
0.113416 0.106456 0.112456
0.118375 0.118375 0.111699
0.0551471 0.0551471 0.0551471
0.137455 0.137455 0.136013
0.0818011 0.0805524 0.0714335
0.0947983 0.0944692 0.0148864
0.0677098 0.0685014 0.0685014
0.0667588 0.0667588 0.0688214
0.0880372 0.0880372 0.0880372
0.140385 0.141012 0.141012
0.138484 0.139528 0.140015
0.0642351 0.0633511 0.0633511
0.0813813 0.0825137 0.0825137
0.0599154 0.0599154 0.158627
0.144049 0.154098 0.161799
0.0580474 0.0580474 0.035259
0.0424094 0.0424094 0.0424094
0.121082 0.119638 0.119638
0.0987086 0.0987086 0.099006
0.0602206 0.0498087 0.0545075
0.00886675 0.00886675 0.0122016
0.117767 0.117767 0.119216
0.0894302 0.0894302 0.0909154
0.164817 0.165063 0.166924
0.1221 0.12318 0.12318
0.106793 0.106793 0.106793
0.107515 0.107515 0.106423
0.168588 0.168588 0.178069
0.0114742 0.0114742 0.0114742
0.144993 0.144993 0.144993
0.105645 0.103503 0.103503
0.198729 0.198729 0.189663
0.19131 0.188792 0.188792
0.102103 0.100889 0.100889
0.138346 0.136196 0.136196
0.10366 0.101789 0.0996804
0.0812783 0.082032 0.0824612
0.0654146 0.0675174 0.062682
0.115257 0.0918487 0.0872448
0.039251 0.039251 0.0641902
0.0831312 0.0774477 0.0815928
0.0965855 0.0965855 0.0965855
0.108552 0.10663 0.104721
0.115583 0.147865 0.13354
0.0316099 0.0316099 0.0290776
0.0123142 0.0119247 0.0132242
0.128865 0.128865 0.131262
0.0904548 0.0870919 0.0870919
0.147226 0.147226 0.140724
CASE 0
