CASE 100
3.98872 3.98872 0.242358
3.57567 0.498699 0.399999
3.92224 3.92224 0.135344
0.148736 0.188633 0.162091
0.370083 2.68151 0.361977
3.63093 0.443846 0.424254
3.93473 3.93473 0.201799
2.77732 0.962538 0.189652
1.44534 0.282772 0.370399
2.68402 0.391111 0.127659
3.88545 0.19381 0.193846
3.98848 2.82289 0.0144437
3.98007 3.98007 0.241359
2.63951 0.388119 0.177901
3.55577 3.55577 0.58357
3.64511 0.852453 0.260002
3.93626 3.81611 0.209094
0.484786 0.484786 0.484807
3.80447 2.74659 0.20635
3.91664 3.91664 0.133042
3.78618 2.76735 0.163839
2.84209 2.84209 0.174805
3.83396 1.7333 0.160749
3.6357 0.124032 0.0865457
3.78199 3.3444 0.18476
3.27457 0.20917 0.156222
3.67528 3.67528 0.295021
0.287023 0.258264 0.258264
3.73531 2.76678 0.300028
3.87262 3.78461 0.148912
3.67469 2.67566 0.226336
3.67663 0.111153 0.07943
3.90351 3.90351 0.18876
0.46764 0.255786 0.299167
3.5482 3.5482 0.525164
3.91952 3.91952 0.21257
3.86349 3.86349 0.186886
0.228696 0.199473 0.164825
2.88922 3.84786 0.190406
3.83083 3.41006 0.216201
3.87747 3.43795 0.0733935
0.357097 0.357093 0.139063
2.53691 3.20735 0.276025
0.544625 0.544625 0.470441
3.74409 3.74409 0.256005
3.33441 0.225424 0.225438
3.68688 3.68688 0.270521
2.6565 3.45759 0.598244
3.79809 3.62257 0.171863
3.94795 3.71665 0.221865
0.280076 0.277826 0.150651
3.49158 0.317726 0.250209
3.99497 3.86885 0.00641849
3.73096 0.301544 0.301571
3.69307 2.79531 0.178736
3.55991 3.68028 0.181733
0.505971 0.505971 0.0951867
3.63441 0.652167 0.284399
0.0589881 2.81053 0.0704237
0.4832 0.470226 0.362688
0.434213 1.10622 0.248819
3.96441 3.84633 0.254946
3.69896 3.69896 0.160744
0.337046 0.31143 0.311453
0.115691 0.115691 0.115696
3.9795 3.9795 0.026504
3.76981 3.76981 0.359508
3.59013 3.21999 0.366611
3.89169 3.42067 0.268806
3.91175 3.42367 0.136913
3.81895 3.81895 0.125282
3.80574 3.80574 0.154055
3.71821 3.71821 0.301727
3.60155 0.706952 0.438146
3.81414 3.59404 0.258924
0.334703 0.334701 0.137814
3.78888 0.476943 0.187084
3.92525 3.92525 0.18662
3.81828 2.79924 0.0840951
0.493373 0.493373 0.297274
3.89831 0.161915 0.163826
2.70217 3.24548 0.237999
3.61169 3.34647 0.262878
3.86764 0.0214193 0.0215714
3.94292 3.94292 0.24554
3.68894 0.20303 0.24145
2.65037 2.65036 0.278289
3.86483 3.86483 0.126153
3.97403 3.97403 0.268311
3.71531 2.81329 0.316816
3.39852 0.171355 0.171386
3.95615 3.95615 0.199647
3.85188 2.82771 0.246817
3.68797 0.311346 0.15353
3.75488 3.75488 0.278527
3.95281 3.95281 0.0736467
0.627757 0.627757 0.51357
2.72611 2.72611 0.253408
3.83078 3.83078 0.0812691
3.86599 3.67865 0.210097
CASE 1000
0.0643851 0.0643851 0.0643851
0.33094 0.754518 0.227348
0.194135 0.176244 0.176267
0.209516 0.145726 0.149657
0.286267 0.243635 0.231225
0.173082 0.173082 0.15161
0.576985 0.251126 0.286565
0.129662 0.100839 0.151088
2.78509 0.399611 0.180665
0.209064 0.209064 0.155835
0.153137 0.811163 0.189695
0.391876 0.397694 0.286447
3.90352 0.0882325 0.0882325
0.269084 0.205646 0.205646
0.248782 0.244055 0.244055
2.4873 0.276495 0.276495
0.220981 0.220981 0.247442
0.717667 0.567564 0.176893
1.23458 0.394781 0.394812
0.0673596 0.0656963 0.0656966
0.312781 0.315213 0.190531
0.253834 0.183935 0.200447
0.209418 0.186837 0.186851
0.326004 0.326005 0.206733
3.7657 0.169252 0.193137
3.91094 0.16953 0.215566
0.156041 0.149886 0.209438
3.72117 0.3414 0.325705
0.137193 1.78543 0.263796
0.392526 0.357065 0.359424
0.197104 0.153429 0.153429
0.345098 0.208899 0.247181
0.492965 0.453303 0.158261
0.246545 0.710383 0.228741
3.76128 0.417077 0.201912
1.02722 0.239985 0.111553
3.84423 3.30612 0.217581
3.93971 3.93971 0.0794638
0.161661 0.164315 0.200275
0.461187 0.508252 0.207672
0.462024 0.462023 0.273349
0.138025 0.267959 0.302198
0.45145 0.45145 0.340572
3.65522 0.247895 0.247895
0.307369 0.190719 0.313495
3.88662 0.088568 0.0994843
0.133784 0.122911 0.120648
0.237188 0.113954 0.104798
0.0635918 0.0676493 0.067653
0.151117 0.128919 0.225705
2.80204 0.233221 0.0762407
0.308377 0.325941 0.362188
1.51413 0.45112 0.460243
0.235961 0.235961 0.20482
3.37951 0.124788 0.124213
0.190378 0.196913 0.196913
0.522022 0.522019 0.202202
0.153947 0.173953 0.137199
0.178212 0.109499 0.111268
0.236262 0.143256 0.156407
0.201114 0.195112 0.221129
0.461129 0.289892 0.358206
0.19631 0.247753 0.247753
0.191228 0.206873 0.161895
2.75565 0.215885 0.185911
3.38741 3.62011 0.142725
0.249758 0.249758 0.249781
0.22197 0.184968 0.159697
2.75455 2.75455 0.174552
0.355765 0.343407 0.343407
0.313852 0.0952125 0.101816
0.457302 0.297756 0.606975
0.911299 0.147275 0.147282
2.73136 1.33331 0.162331
0.187987 0.187987 0.187987
0.297924 0.297924 0.269947
0.182967 0.190643 0.186491
0.595938 0.410231 0.237763
0.761775 0.199523 0.497963
0.221558 0.116566 0.116566
3.68757 0.388864 0.131622
0.392736 0.250477 0.188171
3.3678 0.16355 0.16355
0.18871 0.086505 0.086505
0.348042 0.348042 0.193781
0.24695 0.385177 0.359744
0.95411 0.324952 0.314162
0.138626 0.15803 0.158051
0.236254 0.236254 0.236254
0.215802 0.207719 0.207719
0.234812 0.238028 0.231069
0.150382 0.163737 0.137762
0.218903 0.196079 0.196079
0.928894 0.928894 0.507454
0.261022 0.140748 0.250284
2.66767 0.482459 0.281721
0.278224 0.218846 0.153496
0.206683 0.214278 0.201974
3.46216 3.46216 0.0048322
3.80543 2.79535 0.106563
CASE 10000
0.285591 0.28397 0.28397
0.172485 0.124693 0.107226
0.0111314 0.00957264 0.00957264
0.131855 0.107539 0.107539
0.0770906 0.0776878 0.0771654
0.0595642 0.0729405 0.0729405
0.326353 0.326353 0.108673
0.0826108 0.114305 0.114305
0.237232 0.154995 0.154995
0.175746 0.157181 0.192161
0.309781 0.186303 0.135305
0.125012 0.123385 0.123385
0.175176 0.154695 0.154695
0.14619 0.0816149 0.0980055
0.144689 0.215055 0.231
0.835287 0.181252 0.232181
0.198375 0.198786 0.140863
0.162352 0.10835 0.166767
0.305416 0.260336 0.260336
0.134883 0.125382 0.125382
0.252137 0.185043 0.185043
0.126111 0.138953 0.138953
0.161756 0.154988 0.17543
0.209184 0.114172 0.2172
0.190243 0.188176 0.188176
0.23085 0.193913 0.180431
0.113841 0.114009 0.111781
0.0823889 0.0859877 0.0859877
0.186237 0.184319 0.184319
3.92385 0.0863108 0.0900945
0.30584 0.147998 0.148505
1.11723 0.230794 0.180218
0.160308 0.27093 0.185823
0.332068 0.625789 0.176503
0.121827 0.121827 0.121827
0.163958 0.163958 0.189644
0.401848 0.271186 0.229895
0.267032 0.267032 0.267032
3.88099 3.88099 0.115232
0.187391 0.187391 0.263029
0.339602 0.25739 0.288526
0.179552 0.111207 0.101844
0.275615 0.275615 0.173173
0.210778 0.225773 0.222782
0.294345 0.219346 0.1211
0.226606 0.209486 0.209486
0.130141 0.108848 0.108848
0.229521 0.229521 0.328459
0.13543 0.157052 0.157052
2.76446 0.209171 0.209195
0.33477 0.33477 0.392785
0.125016 0.112746 0.127328
0.199012 0.222365 0.231967
0.0474431 0.0483269 0.0461051
0.277943 0.292669 0.307571
0.25284 0.286388 0.295596
0.196766 0.196766 0.110519
0.265529 0.115812 0.115812
3.34085 3.78905 0.0967364
0.309465 0.179355 0.254621
3.45621 3.98849 0.0185807
0.127337 0.205012 0.190035
1.20356 0.171122 0.149004
0.209526 0.120911 0.110972
0.282282 0.216573 0.169106
0.226121 0.270919 0.27944
0.51839 0.691324 0.653497
0.13248 0.155347 0.155347
0.212288 0.212288 0.166115
0.366539 0.195457 0.289077
0.197893 0.188282 0.188282
0.105239 0.11632 0.118973
0.0854866 0.0854866 0.0854866
1.80721 0.165333 0.15771
0.316544 0.312324 0.312324
0.104925 0.1022 0.107773
0.116232 0.104931 0.104931
0.105676 0.218344 0.161282
0.289031 0.162323 0.261822
0.199845 0.199845 0.199845
0.217957 0.237447 0.207135
0.21842 0.108668 0.24451
0.176145 0.188006 0.184078
0.323612 0.315963 0.315963
0.124581 0.0839953 0.126588
0.0822205 0.0809755 0.0809755
0.155213 0.155213 0.210081
0.00919418 0.00919418 0.00924703
2.74046 0.0995976 0.0995976
0.175747 0.13223 0.237794
0.341525 0.240217 0.194089
0.262627 0.199764 0.158377
0.136152 0.124237 0.08603
0.0597371 0.082596 0.0740852
0.191583 0.19312 0.19312
0.204499 0.228215 0.230072
0.114479 0.127149 0.127149
0.317362 0.102739 0.0906236
0.219837 0.345719 0.217352
0.170238 0.174801 0.174801
CASE 100000
0.151871 0.153308 0.152658
0.007454 0.00745705 0.00738872
0.141393 0.171095 0.171095
0.267107 0.237516 0.251542
0.0366537 0.0366537 0.051103
0.200852 0.200852 0.185464
0.218609 0.378146 0.308147
0.222627 0.221557 0.216164
0.405353 0.167428 0.137938
0.0644896 0.063038 0.0679581
0.224375 0.238177 0.228339
0.10771 0.173292 0.0424493
0.214697 0.214697 0.220017
0.153606 0.148393 0.151217
0.583894 0.583894 0.20953
0.282775 0.283816 0.283816
0.242734 0.242734 0.265291
0.197986 0.200846 0.206449
0.15545 0.163671 0.163671
0.154608 0.140913 0.135681
0.103058 0.118439 0.118439
0.203539 0.178681 0.302841
0.158646 0.158646 0.178767
0.192827 0.193295 0.201833
0.288066 0.288066 0.288066
0.127672 0.129975 0.129975
0.108754 0.104776 0.0981859
0.166803 0.156094 0.156683
0.0763181 0.129076 0.107876
0.218746 0.237679 0.203415
0.181037 0.181037 0.169186
0.230094 0.0621971 0.0621971
0.0851666 0.0851666 0.109933
0.0644337 0.0644337 0.0677273
0.087674 0.0910609 0.0907387
0.282489 0.255404 0.255404
0.165461 0.165461 0.167978
0.0765255 0.0765255 0.0738826
0.116313 0.114778 0.13148
0.0282432 0.0282056 0.0262324
0.241041 0.248747 0.250912
0.182243 1.06087 0.219112
0.330818 0.330169 0.330169
0.0893269 0.0897192 0.103812
0.230429 0.232013 0.232013
0.223897 0.222135 0.225484
0.00453668 0.00453076 0.00453076
0.107491 0.109593 0.109593
0.174048 0.140481 0.140481
0.138611 0.133509 0.133509
0.095277 0.116398 0.101057
0.140692 0.141095 0.14173
0.178454 0.25642 0.226158
0.122049 0.123791 0.123791
0.0897202 0.0726472 0.0721946
0.140992 0.136964 0.136964
0.180162 0.184435 0.188219
0.0649178 0.0628471 0.0637624
0.243431 0.243431 0.243431
0.123044 0.11277 0.115929
0.264554 0.264554 0.255411
0.109554 0.111142 0.111142
0.176161 0.200042 0.211262
0.098422 0.085977 0.0885009
0.0518904 0.0518904 0.0518904
0.0375552 0.0258891 0.0271389
0.146744 0.115722 0.139181
0.114485 0.114485 0.115174
0.184694 0.184694 0.206096
0.0723149 0.0755503 0.0755503
0.282527 0.321958 0.29921
0.0764712 0.0580648 0.0580648
0.138072 0.140917 0.140917
0.127093 0.127093 0.137889
0.230114 0.196522 0.186854
0.208631 0.208631 0.208631
0.120053 0.138426 0.138426
0.0664989 0.0664989 0.0664989
0.170522 0.322865 0.426652
0.22197 0.219141 0.222814
0.19741 0.199958 0.227425
0.140029 0.142573 0.130574
0.120354 0.120354 0.162551
0.210457 0.210457 0.208939
2.779 0.101037 0.10216
0.0728849 0.0728849 0.0730224
0.174455 0.173835 0.176194
0.187155 0.165188 0.143897
0.160876 0.153993 0.156764
0.238212 0.248428 0.238662
0.142287 0.17906 0.208901
0.169036 0.169036 0.157011
0.22239 0.22239 0.20084
0.163346 0.172817 0.194677
0.338594 0.280649 0.23599
0.239202 0.239202 0.239202
0.626011 0.0688447 0.0235438
0.0238292 0.0238292 0.0238292
0.0993271 0.10229 0.0876508
2.8043 3.7978 0.023023
CASE 0
