CASE 100
0.044688 0.0503082 0.019017
0.051697 0.00811814 0.0199255
-nan 0.0349819 0.0145217
0.0183038 0.00254403 0.00477055
-nan 0.0204347 0.0146774
-nan 0.0175314 0.0150041
0.141104 0.0104125 0.00425712
-nan 0.0159556 0.0084472
0.165552 0.0213047 0.0041307
0.0406279 0.0787194 0.0711229
0.042624 0.0146575 0.0194551
-nan 0.0106669 0.0378983
0.0434607 0.0197069 0.00717554
0.290964 0.00651001 0.00183556
0.0978365 0.026131 0.0052604
-nan 0.0193317 0.0098073
0.120149 0.0443961 0.0421286
0.290964 0.00853668 0.00509012
0.0828095 0.00621966 0.0254396
0.0302385 0.00971495 0.0155082
-nan 0.0339335 0.0126039
-nan 0.0121026 0.0260935
0.290965 0.00478591 0.00107009
-nan 0.00148143 0.00408362
-nan 0.0125114 0.00941895
0.0751162 0.00575895 0.00574799
0.0413758 0.0295059 0.0116448
0.0288159 0.0104342 0.0327444
0.116641 0.037264 0.00936581
0.0896319 0.0282232 0.0149623
0.290965 0.00731273 0.00844045
0.0292144 0.00520145 0.0085646
0.0448498 0.00333067 0.00756188
0.045324 0.00287978 0.00773528
0.0200373 0.016139 0.0198493
0.0167452 0.00408008 0.0121576
0.102928 0.00356736 0.00603073
-nan 0.0133466 0.0214578
-nan 0.00500767 0.00122299
0.0230797 0.0137495 0.00928344
-nan 0.019787 0.00802817
0.115049 0.0247552 0.00772835
0.138547 0.0114198 0.00340341
0.0467425 0.0273183 0.0232633
0.063912 0.00352575 0.0147111
0.0570587 0.0202453 0.00958809
-nan 0.00800103 0.0188565
0.0385692 0.00503106 0.0181097
-nan 0.010422 0.00604471
0.189546 0.0133515 0.00735479
0.0174826 0.00480294 0.00987275
-nan 0.00346413 0.00881386
-nan 0.00801532 0.00614183
0.0489253 0.00629 0.00223149
0.0738179 0.0174389 0.0299988
0.0203144 0.00326958 0.012631
-nan 0.00543037 0.00127618
0.0915142 0.00764244 0.00438733
-nan 0.0204688 0.00712855
0.0168286 0.00398767 0.00903698
-nan 0.0284393 0.0206947
0.290965 0.0240301 0.00588722
0.0177856 0.00589712 0.00522665
0.290964 0.0100477 0.00484979
0.084269 0.0349355 0.0224891
0.0228075 0.0189605 0.00970813
-nan 0.00220988 0.0135743
0.048619 0.00768433 0.00527018
0.028484 0.00446137 0.0467773
0.0229956 0.00736908 0.0179107
0.0170646 0.00307716 0.00299719
0.0749493 0.0183096 0.00715045
-nan 0.00692834 0.0144927
-nan 0.0181467 0.0152678
0.0683761 0.00883732 0.00228714
0.00696771 0.00174568 0.00618383
-nan 0.0113198 0.0107415
0.0978365 0.0182354 0.0272919
0.0539509 0.00878851 0.00288596
-nan 0.0134653 0.0101378
0.0978365 0.00992199 0.0108031
0.290955 0.00151609 0.00674365
0.028862 0.00878686 0.0127233
0.0540175 0.0118796 0.00562042
0.0202762 0.00881998 0.0144268
0.16034 0.0506867 0.0283548
0.290955 0.00888167 0.00654468
0.0294686 0.00714384 0.0107084
0.0266463 0.0291843 0.00564091
-nan 0.0234602 0.00328117
0.0136692 0.0128507 0.027831
-nan 0.0347229 0.020502
0.00567228 0.00780054 0.00721158
0.0393952 0.0045119 0.00464659
0.0480424 0.0202518 0.00806109
-nan 0.0242787 0.0215785
0.0835269 0.0179777 0.00742763
0.0461672 0.0287818 0.03311
0.0228665 0.0072604 0.00938215
-nan 0.00465966 0.00891468
0.0170783 0.00116004 0.00187025
CASE 1000
0.0190004 0.00132318 0.00110423
0.0406762 0.00309727 0.000839353
0.00850396 0.000461363 0.000586413
0.0233886 0.00157808 0.00209081
0.0026441 0.00284269 0.00238944
0.0266167 0.00196719 0.000852742
0.0824515 0.00108504 0.000247165
0.0296712 0.00169933 0.00162834
0.0140308 0.00191662 0.000971549
0.00405964 0.00133164 0.00171444
0.00229504 0.000442882 0.000557677
0.0265421 0.00601002 0.00399064
0.00443299 0.00157286 0.000802088
0.0255265 0.000282168 0.00034062
0.0380209 0.000751848 0.000777027
0.00239119 0.000317462 0.0013025
0.0103352 0.00201861 0.00109917
0.0472808 0.00311013 0.00170194
0.0158141 0.0037855 0.00568157
0.00829714 0.00132864 0.00237042
0.000546459 0.00981411 0.00661451
0.00801558 0.000145515 0.000156613
0.0205536 0.000590372 0.000622344
0.0176766 0.0020844 0.0022014
0.016609 0.000934426 0.00132699
0.00709233 0.00384607 0.00430094
0.0270946 0.00109504 0.000988639
0.00271808 0.00113191 0.00109106
0.027185 0.00196503 0.00181635
0.0072693 0.00403441 0.00315912
0.00361215 0.00157677 0.00136446
0.00424772 0.00035604 0.000916187
0.000403835 0.00044785 0.000424525
0.00964323 0.000277552 0.000280848
0.0279383 0.00156502 0.0015455
0.0152566 0.00433258 0.00212614
0.00686312 0.000940035 0.000929363
0.0459485 0.00128157 0.00119073
0.00644611 0.00163186 0.00129606
0.00409324 0.00144267 0.00174546
0.0524351 0.00419792 0.00411754
0.0104997 0.000573966 0.000877279
0.018459 0.00344975 0.00190238
0.0347498 0.000884155 0.00081029
0.00810853 0.00110417 0.000676363
0.00789793 0.00151005 0.00338779
0.00752673 0.00242726 0.000699019
0.00941953 0.00260409 0.00206517
0.0166214 0.004619 0.00357893
0.0123767 0.00131385 0.00179855
0.0330717 0.0026021 0.00287065
0.0192923 0.00157958 0.00128069
0.0055571 0.00125555 0.00102254
0.0730642 0.00176362 0.000792786
0.0124172 0.000512995 0.0022738
0.00870573 0.000427981 0.000278654
0.00517243 0.000798877 0.0012042
0.0576067 0.00140325 0.000338924
0.0168175 0.000206136 0.000234602
0.0061366 0.00185439 0.00167927
0.00286716 0.00020643 0.000213439
0.0204465 0.00172593 0.00114991
0.0173428 0.00157985 0.00123655
0.0301374 0.00172796 0.000659788
0.012718 0.000533699 0.000923574
0.0201355 0.00134212 0.00141891
0.00853898 0.00021079 0.00121853
0.014281 0.00179842 0.00119134
0.0168366 0.000658783 0.000632267
0.0309525 0.00202894 0.00124566
0.0163848 0.00200341 0.00157398
0.0388399 0.00099531 0.000536056
0.0129304 0.00240196 0.00231801
0.0191298 0.000810241 0.00146155
0.0403659 0.00102271 0.000695905
0.00599967 0.000800456 0.000467201
0.00549456 0.00181561 0.00517893
0.0234515 0.00104425 0.000778569
0.00491152 0.00190594 0.00118533
0.00615883 0.000799582 0.000270758
0.00623603 0.000391828 0.000519273
0.00493979 0.000947618 0.00164506
0.00432006 0.00281752 0.00207674
0.0282667 0.00161514 0.00157752
0.0166057 0.00151047 0.00172851
0.0181954 0.000302572 0.00107102
0.000575198 0.00222581 0.0016731
0.00812674 0.00108916 0.000761294
0.0108053 0.000918277 0.000639497
0.0190958 0.001342 0.00118797
0.00825771 0.00121462 0.00160114
0.0023105 0.00251104 0.00067933
0.0100843 0.00232943 0.00166323
0.0314294 0.000425495 0.000656132
0.0155259 0.00101651 0.000411991
0.0110541 0.00120275 0.00115677
0.00207147 0.000798959 0.00129059
0.0163654 0.00106251 0.000345314
0.0255445 0.000601712 0.000695548
0.0104874 0.0019717 0.00197294
0.00725987 0.0020649 0.00106602
CASE 10000
0.000813046 0.00018046 0.000122947
0.00317516 0.000196463 0.000128495
0.00119039 1.84611e-05 9.9564e-06
0.000154402 0.000273911 0.000288099
0.00303152 1.69296e-05 3.84905e-05
0.000671978 0.000273167 0.000217973
0.00301262 0.000121124 6.02292e-05
0.00188368 2.74562e-05 2.1704e-05
0.00324048 0.000287511 0.000602451
0.00054377 5.73835e-05 3.5089e-05
0.000457967 0.000323762 0.000280139
0.00126107 0.000157313 0.000126892
9.80995e-05 4.54142e-05 3.62413e-05
0.00418504 0.000295736 0.000102854
0.000489382 0.000132311 0.000114086
0.00127612 0.000266291 0.000173244
0.00315793 0.000154681 3.01185e-05
0.000545701 6.33646e-05 4.37081e-05
0.000771006 0.000125448 0.000172084
0.00602926 0.00017574 8.23988e-05
0.00144896 0.000265564 0.000246798
0.00071757 5.34913e-05 6.97637e-05
0.00826378 0.00013915 0.000104022
0.000197532 0.000197654 5.93815e-05
0.00458625 0.000225483 0.000172507
0.000520494 3.6664e-05 2.18074e-05
0.00137666 9.35663e-05 0.000217997
0.00212325 0.0002155 0.000279908
0.00124788 0.00017138 0.00022571
0.00137056 0.000398018 0.000398213
0.00171031 9.88986e-05 0.000108709
0.000140886 5.80558e-05 6.25768e-05
0.00553254 0.000151274 0.000110534
0.00159659 3.84934e-05 3.55589e-05
4.00391e-05 8.26815e-05 8.75094e-05
0.000206998 0.00014472 0.000170699
0.0024822 7.97821e-06 4.34052e-05
0.00130725 0.000417019 0.000131411
0.000160596 8.67795e-05 0.000158842
0.00171528 7.61112e-05 3.9233e-05
0.00710215 2.34458e-05 1.86143e-05
0.000516494 0.00016051 0.000166207
0.000548822 2.066e-05 6.28259e-05
0.00181673 1.51976e-05 9.0327e-05
0.000116582 2.65038e-05 2.34118e-05
0.00509435 0.000107407 6.80644e-05
0.0011629 0.000288674 0.000321533
0.00260494 0.000174558 0.000246231
0.00192206 9.2299e-05 5.72613e-05
0.00684806 0.000133718 0.000189026
0.00299384 8.87377e-05 2.68957e-05
0.0149832 0.000119612 6.70112e-05
0.000192555 9.40769e-05 0.000139671
0.000624559 0.000210797 0.000159468
0.000434156 0.000342186 0.000364316
0.0050802 1.79808e-05 6.52426e-05
0.000156801 3.43027e-05 5.09793e-05
0.00166014 0.000128781 0.00016432
0.00135057 0.000172721 0.000428214
0.00281628 4.01116e-05 4.14615e-05
0.000777768 0.000258279 5.92763e-05
0.00146507 9.65581e-05 8.96335e-05
0.000871943 0.000793252 0.000522705
0.0016052 0.000102269 8.04184e-05
0.000682557 0.000140483 0.000181042
0.00263608 0.000277035 0.000176263
0.000785909 0.0002119 0.000180699
0.00547895 0.000222572 0.000118799
0.00133296 0.000164726 0.000266693
0.00173061 8.91094e-05 7.02883e-05
0.00353573 0.000279825 0.000206435
0.00135824 0.000144758 0.000167486
0.000605873 4.50037e-05 3.91103e-05
0.00383424 0.000126948 8.79567e-05
0.00411005 8.22565e-05 0.000110431
0.000889891 8.0006e-05 5.82702e-05
0.000414069 0.000399588 0.000653468
0.0109293 0.000115834 3.57054e-05
0.000726051 0.000174218 3.46939e-05
0.00180781 6.8967e-05 1.34932e-05
0.00171495 8.77748e-05 1.83642e-05
0.00640397 0.000313932 8.29722e-05
0.00176464 0.000273673 0.000116036
0.0115007 0.000543558 0.00044482
0.00558615 8.91812e-05 0.000129432
0.00108624 0.000116599 0.000387231
0.000954188 0.000319946 0.000170165
0.000131407 0.00010303 7.71504e-05
0.00123777 3.69152e-05 6.97534e-05
0.000162394 5.87873e-05 3.09051e-05
0.000854672 0.000155898 6.21973e-05
0.0066359 0.000225764 0.000106452
0.00388191 8.64313e-05 5.06983e-05
0.000587416 9.86786e-06 1.15325e-05
0.00390076 5.84641e-05 4.48829e-05
9.01053e-05 1.45737e-05 0.000101099
0.00287922 5.72994e-05 1.81717e-05
0.00398522 0.000364437 0.000279806
0.000411752 9.59354e-05 8.58142e-05
0.000886471 0.000127383 0.000106616
0.00129868 0.000175655 9.87757e-05
CASE 100000
0.0003417 2.07978e-05 8.57141e-06
0.000222612 3.93649e-05 1.48398e-05
2.19609e-05 1.65458e-05 3.81292e-05
8.58057e-05 1.58606e-05 1.67241e-05
0.000220027 1.25926e-05 4.28706e-06
0.000137093 4.11282e-05 1.52315e-05
0.000118952 5.19773e-06 8.10624e-07
0.000181431 1.73924e-05 2.74977e-06
0.000438541 3.86565e-05 2.75953e-05
0.000209484 2.00698e-05 3.11977e-06
0.000348401 5.54626e-05 1.05053e-05
0.000170446 2.16897e-05 3.39436e-06
2.78712e-05 6.62543e-05 2.28272e-05
0.000123138 7.2937e-05 4.1459e-05
0.000346216 2.96263e-05 1.71497e-05
0.000459021 1.19723e-05 1.25965e-05
0.000499179 3.45638e-05 2.36717e-05
1.74682e-05 2.38236e-05 2.82699e-05
0.000171097 4.38568e-06 4.40339e-06
5.68505e-05 5.86538e-05 1.14404e-05
0.000132716 5.36418e-05 3.15165e-05
0.000209149 1.42608e-05 8.44848e-06
8.14454e-05 1.22015e-05 3.21738e-06
0.000320376 5.06109e-05 9.17963e-06
0.000117724 2.303e-05 1.17313e-05
0.00183239 2.85529e-05 3.0558e-05
0.000331517 4.44786e-05 4.58043e-05
0.00115511 3.72647e-05 1.70322e-05
0.00159746 7.02911e-05 1.54019e-05
0.000373088 2.60653e-06 1.35104e-05
0.000135194 4.5396e-05 4.80249e-05
1.67492e-05 2.81673e-05 1.5809e-05
0.000866346 6.01474e-05 1.58027e-05
0.000132307 1.02702e-05 1.01849e-05
2.83188e-05 8.87748e-06 5.81326e-06
0.00033308 6.72843e-06 1.67395e-05
5.88983e-05 5.44323e-06 9.40857e-06
0.000481001 2.58811e-06 3.80547e-06
0.000116495 9.95851e-06 5.92911e-06
6.63949e-05 5.53999e-06 4.18289e-06
0.000809744 1.35535e-05 1.66363e-05
0.000109585 2.67683e-05 1.33896e-05
0.000501968 4.172e-05 2.20894e-05
1.68213e-05 2.28403e-05 1.68935e-05
0.00042665 3.9858e-05 1.0673e-05
0.000882097 3.94883e-05 3.11698e-05
0.000398047 3.46266e-05 2.0227e-05
0.000440131 2.14763e-05 1.94611e-06
1.12234e-05 8.31954e-07 9.51194e-06
4.10944e-05 4.70316e-05 4.40532e-05
0.000410832 1.39347e-05 8.53293e-06
0.000189582 3.18037e-05 1.61243e-05
0.000228815 6.4499e-07 1.43766e-05
0.000550307 6.99603e-05 6.17802e-05
0.000463712 9.76922e-05 1.48296e-05
0.000189174 8.78262e-05 3.27672e-05
0.000331533 2.2988e-05 2.10037e-05
0.000112571 1.74953e-06 7.24961e-06
0.000346645 8.23924e-05 9.15048e-05
0.000436514 8.10582e-06 2.31759e-05
0.000136324 4.02241e-06 1.03027e-05
5.09485e-05 2.70218e-05 5.78771e-06
4.18889e-05 7.24889e-06 8.22929e-06
0.000136861 5.80526e-05 1.13494e-05
0.000318869 1.39507e-05 1.20726e-05
8.3595e-05 4.81036e-05 1.25945e-05
0.000586351 2.22264e-05 1.08891e-05
0.000713408 6.00903e-05 1.38118e-05
0.000127928 1.8379e-05 2.02246e-05
7.91446e-05 1.64476e-05 1.1135e-05
7.46752e-05 4.59756e-06 2.05967e-06
5.28949e-05 4.96988e-05 1.06151e-05
0.000977414 6.84192e-05 1.80815e-05
6.92921e-05 2.03875e-06 1.34887e-05
0.000108891 2.92114e-05 3.50064e-05
0.000620688 5.35197e-06 3.20586e-05
8.64126e-05 3.96738e-05 1.42652e-06
0.000324702 2.02201e-05 2.20031e-05
3.93559e-05 1.19721e-05 2.02628e-05
9.468e-05 6.68333e-05 1.22008e-05
0.000407462 7.1594e-06 1.77918e-05
0.000178052 2.79901e-05 2.77823e-05
0.000145666 3.80138e-05 1.05466e-05
0.000250828 7.05428e-05 7.20018e-05
0.000345849 4.04667e-05 1.64379e-05
4.79546e-05 6.89925e-06 5.27037e-06
2.58485e-05 4.04455e-05 1.15855e-05
0.00013682 3.6057e-05 1.40115e-05
0.000201731 1.5779e-05 5.42457e-06
6.75364e-05 2.69229e-05 1.21618e-05
0.000126399 3.38083e-05 2.40345e-05
4.09729e-05 1.24402e-05 8.22311e-06
0.000408988 5.33147e-05 3.67921e-05
3.51448e-05 1.09684e-05 1.80064e-05
0.000131063 1.48733e-05 2.10693e-05
9.34507e-05 2.85378e-05 7.93506e-06
4.21498e-05 1.0071e-05 1.08837e-06
0.000128525 4.34184e-05 9.87263e-06
0.000142571 5.90787e-06 9.40066e-06
4.14342e-05 3.82263e-06 9.83656e-07
0.000121557 1.1928e-05 2.02109e-06
CASE 0
