CASE 500
0.484252 0.223906 0.367434
0.958573 0.907897 0.202771
0.459225 0.472272 0.18169
0.607465 0.480848 0.289201
0.265834 0.591977 0.290639
0.229172 0.243267 0.309984
1.0387 0.255316 0.21152
3.78784 0.286937 0.503764
0.497215 0.457329 0.21883
3.56824 0.142237 0.300993
3.84348 0.156895 0.0807315
3.42249 0.0827383 0.157404
0.358034 0.89666 0.339328
0.369755 0.509461 0.544816
3.48513 0.35005 0.0915196
0.79004 0.394355 0.182857
0.552998 0.258437 0.272084
3.77096 0.342898 0.769016
0.547343 0.777484 1.07949
0.676304 0.208062 0.143133
0.202237 0.200952 0.198172
0.613021 0.533572 0.674687
0.564885 0.354748 0.257081
1.19305 0.252158 0.160379
0.231736 0.33574 0.2545
0.662148 0.301714 0.0539399
0.707685 0.545746 0.582287
0.605578 0.570988 0.276896
0.529152 0.287818 0.330592
0.506527 0.360848 0.142356
0.317711 0.594396 0.116315
0.260518 0.260696 0.188857
0.210764 0.241135 0.265581
0.511113 0.478756 0.232732
0.424689 0.566033 0.469943
0.942539 0.392107 0.204148
0.210769 0.160609 1.02038
0.438431 0.478709 0.107134
0.442881 0.627666 0.344178
0.752553 0.409154 0.470966
0.439013 0.527771 0.289483
0.526368 0.357733 0.23909
0.419787 0.391278 0.154041
0.880756 0.648008 0.182072
0.527486 0.44724 0.153922
0.4567 0.445958 0.586856
0.904797 0.870027 0.148697
0.587463 0.550889 0.258057
0.553924 0.326473 0.620457
0.126887 0.0981186 0.173689
0.707731 0.548026 0.152343
0.640694 0.190399 0.0994742
0.895885 0.387769 0.203614
0.645461 0.600307 0.141527
0.698521 0.407041 0.357285
0.876949 0.167097 0.098887
0.191734 0.24692 0.343037
0.270259 0.368893 0.731463
0.361261 0.539395 0.366069
0.0414363 0.0408105 0.132862
0.629675 0.16289 0.841565
0.66597 1.22117 0.354266
0.689284 0.254945 0.193691
2.69367 0.259797 0.928766
0.616493 1.07779 0.531117
3.64841 0.262134 0.253601
0.416956 0.370689 0.0847566
3.75056 0.421212 0.231937
2.32487 0.741246 0.378758
0.291084 0.273064 0.166906
0.371646 0.356579 0.306185
0.30181 0.291036 0.105619
0.302212 0.242794 0.429737
0.581207 0.237682 0.153762
0.57098 0.542451 0.806147
1.71091 0.378366 0.274785
2.68706 0.209904 0.383421
0.980821 0.453577 0.341897
2.77264 0.125097 0.260021
0.673162 0.506726 0.0765398
0.148681 0.186655 0.13511
0.969648 0.67595 0.168257
0.6455 0.636591 0.3079
0.484827 0.516202 0.20847
0.451106 0.428012 0.60353
0.501029 0.546305 0.153196
3.39576 0.337408 0.34253
0.0631929 0.0566081 0.103092
0.134447 0.201859 0.174979
3.66231 0.21228 0.354971
3.96616 0.0444183 0.471651
2.81464 0.0393346 0.119879
1.29715 0.609582 0.264487
3.92483 0.0947182 0.0688493
0.541695 0.55461 0.768028
1.26016 0.221473 0.21163
0.825054 0.414834 0.460147
0.736819 0.78391 0.254976
0.351966 0.351966 0.0782787
0.233895 0.238673 0.204433
0.443869 0.324774 0.0939651
0.70425 0.403397 0.542631
0.355037 0.364037 0.468267
0.182404 0.226372 0.554459
0.634583 0.287324 0.413601
3.99781 0.00326165 0.53613
0.447613 0.640845 0.370297
1.22941 0.506615 0.744697
3.37856 0.357232 0.222368
0.292887 0.29601 0.184396
1.29964 0.260179 0.137793
0.738742 0.512615 0.288556
3.5697 0.285118 0.32449
0.1911 0.178189 0.253578
0.411325 0.420575 0.678193
0.564546 0.36134 0.729079
0.267438 0.342694 0.589585
0.560862 0.208446 0.234279
0.319142 0.314545 0.147286
0.823715 0.400028 0.224968
0.359446 0.403995 0.149979
0.595828 0.518987 0.227301
3.80876 0.190768 0.543833
0.567656 0.328902 0.459856
0.367471 0.367476 0.624769
0.204227 0.195892 0.106115
0.371125 0.424467 0.171954
0.320545 0.236962 0.175098
0.299321 0.348746 0.446032
0.756355 0.390393 0.151789
0.779787 0.24919 0.246888
0.792838 0.814741 0.410121
0.0718946 0.0898187 0.182344
3.71321 0.138924 0.794593
0.39679 0.266798 0.458988
3.41668 0.693845 0.665586
3.25255 0.411406 0.483843
0.250736 0.367751 0.262155
0.479799 0.339312 0.132669
0.460446 0.316342 0.0975809
0.927686 0.229351 0.184437
1.03509 1.06231 0.527812
0.950693 0.403228 0.528899
0.365601 0.322204 0.26672
0.348716 0.26714 0.25742
0.458671 0.366293 0.848373
0.931833 0.558539 0.157465
0.270082 0.235445 0.399245
0.532738 0.419585 0.263341
0.335848 0.311937 0.0675313
0.462632 0.443929 0.406165
0.386409 0.410735 0.176658
0.329054 0.290184 0.214055
1.20963 0.147982 0.362951
0.558051 0.721372 0.293699
0.824546 0.334364 0.183826
0.763981 0.516863 0.135399
0.705262 0.365608 0.163825
0.405577 0.299742 0.143322
0.275198 0.381387 0.843022
0.591135 0.178224 0.604362
2.59931 0.419463 0.259213
0.605832 0.182721 0.57532
3.97426 0.0477256 0.616534
0.697193 0.679609 0.331409
0.850937 0.38412 0.223208
0.269928 0.18324 0.464947
0.374216 0.45793 0.331192
0.170311 0.152779 0.337578
0.803368 0.423389 0.398786
1.09177 0.389994 0.190575
0.534873 0.520781 0.506789
0.204082 0.178382 0.188061
0.346224 0.31701 0.465028
0.840689 0.789072 0.502531
1.20009 0.280264 0.126596
0.799137 0.44105 0.807472
3.65696 0.257177 0.181016
0.282705 0.289611 0.129639
0.610717 0.234887 0.352391
0.882218 0.34907 0.209746
0.444621 0.756868 0.385449
2.63246 0.517557 0.4437
3.63445 0.117103 0.295692
3.52893 0.135983 0.372774
0.277713 0.281817 0.267664
1.63541 0.269477 0.132853
0.464118 0.521375 0.296313
0.334732 0.318625 0.167032
0.537723 0.684672 0.112319
0.32531 0.32531 0.329495
0.203252 0.425286 0.399566
0.21834 0.184837 0.628553
0.35618 0.314921 0.181152
0.204793 0.31398 0.146811
0.503805 0.352713 0.406553
0.510276 0.273336 0.133318
0.687618 0.360728 0.117825
0.99323 0.522916 0.1779
0.349969 0.336438 0.705841
0.39751 0.126607 0.2083
3.88941 0.160764 0.177862
0.637 0.57348 0.734043
0.933076 0.359352 0.435468
3.75342 0.136095 0.13615
0.889317 0.58906 0.131425
0.0985288 0.098535 0.20502
0.307359 0.278732 0.392328
3.82628 0.338377 0.903621
0.623749 1.00839 0.380861
0.517862 0.517934 0.868144
0.252699 0.1261 0.248089
3.87516 0.192429 0.136941
0.128493 0.121631 0.127324
1.11724 0.629388 0.216817
3.92946 0.138097 0.247198
0.39749 0.541197 0.303142
1.08471 0.479071 0.386361
0.385777 0.687579 0.576383
3.52085 0.34476 0.709075
1.10504 0.955728 0.265651
0.262642 0.527647 0.477383
0.225414 0.238218 0.166983
0.316869 0.342856 0.16344
0.370909 0.220528 0.0879639
0.303041 0.336873 0.318856
0.392997 0.312517 0.391016
0.895997 0.369325 0.172523
0.580157 0.543856 0.174209
1.01376 0.495077 0.244792
0.329454 0.310051 0.125137
2.74744 0.41809 0.638555
2.65572 0.396432 0.230906
0.343316 0.430802 0.133308
3.3202 0.43881 0.444715
0.607073 0.485444 0.150988
0.224433 0.166578 0.137669
1.00245 0.560175 0.160402
0.46186 0.0913325 0.897429
0.220363 0.339775 0.344002
0.308366 0.334772 0.146389
3.58099 0.360969 0.275268
1.37397 0.782816 0.578084
1.5443 0.992018 0.331791
0.788533 0.92271 0.402906
0.707704 0.524871 0.202395
0.167982 0.182863 0.366165
0.768983 0.571977 0.486131
3.86658 0.149996 0.0864538
0.311692 0.382399 0.26489
1.09649 0.29922 0.46523
0.513261 0.37681 0.814719
0.421737 0.43228 0.200066
1.1379 0.251691 0.298064
0.781108 0.536437 0.348712
3.69092 0.299857 0.128174
1.15412 0.417306 0.256543
0.300148 0.27886 0.104765
0.707823 0.534041 0.165941
3.09961 0.211038 0.209646
3.56039 0.398402 0.224566
0.27071 0.267315 0.176693
2.78462 0.127501 0.414148
1.38433 0.272276 0.549704
0.357795 0.421467 0.225182
0.0929236 0.0920653 0.439727
0.472357 0.597757 0.192845
0.290076 0.261821 0.264835
0.253756 0.262556 0.615865
0.148481 0.168921 0.499307
0.254542 0.222528 0.644039
0.350962 0.624675 0.503293
0.777707 1.03837 0.33643
0.229368 0.256877 0.518114
0.257779 0.268081 0.899976
0.795531 0.548353 0.28913
0.708306 0.400989 0.182898
0.673388 0.292413 0.501441
3.44673 0.272849 0.163225
0.713951 0.483784 0.597393
0.394547 0.331704 0.715838
0.442842 0.59995 0.214236
1.10055 0.325124 0.279507
0.470149 0.563226 0.330547
3.8582 0.14895 0.10288
3.11571 0.369125 0.241019
0.258138 0.472533 0.401661
0.996469 0.405416 0.172308
0.20377 0.222194 0.24712
0.135314 0.135009 0.078722
1.16904 0.750512 1.00103
0.545924 0.545993 0.188225
0.152337 0.139916 0.452216
0.39355 0.36464 0.325259
0.392219 0.539903 0.767017
1.18176 0.478672 0.863283
0.528912 0.580961 0.290618
0.320567 0.320479 0.185062
0.299272 0.346562 0.405324
0.896241 0.896241 0.211144
1.41608 0.311261 0.41877
3.87057 0.209941 0.285129
0.316628 0.497193 0.247475
0.75256 0.161354 0.76509
0.306818 0.299414 0.719035
0.520841 0.503311 0.281132
0.711283 0.47227 0.186687
0.663203 0.275397 0.330835
0.067872 0.067873 0.508295
0.635511 0.34704 0.555482
0.0574848 0.0392265 0.958156
0.291792 0.501359 0.305593
0.398644 0.312848 0.136504
3.8361 0.139552 0.190292
1.09262 0.255488 0.550791
0.214082 0.203834 0.152659
0.387515 0.342828 0.476112
0.209435 0.180541 0.16884
0.472913 0.235134 0.0455603
3.39799 0.419956 0.224292
3.84347 0.242613 0.508998
1.1724 0.539286 0.213711
0.265307 0.138701 0.180578
0.37365 0.37365 0.408106
0.640874 0.621269 0.638306
0.235333 0.234792 0.202287
0.718785 0.81657 0.271569
0.381915 0.383619 0.476718
0.444369 0.184752 0.197031
2.56146 0.29438 0.224938
0.272379 0.27433 0.248091
0.49415 0.246435 0.37691
0.678146 0.609875 1.15663
0.272772 0.289002 0.152951
0.11808 0.11525 0.154853
0.438953 0.501257 0.0656303
0.482394 0.437896 0.303156
0.767154 0.503488 0.691327
3.80232 0.526695 1.05544
0.141667 0.117876 0.138911
0.588195 0.480554 0.0689263
0.397282 0.240187 0.524511
3.71032 0.299833 0.208952
0.277745 0.259056 0.123922
0.730332 0.226495 0.368037
0.399613 0.261031 0.236904
0.776954 0.291202 1.05595
0.330687 0.28115 0.17362
0.44523 0.459627 0.0925566
0.279254 0.295117 0.229787
0.193099 0.193099 0.218419
0.782842 0.845957 0.185273
0.711877 0.474169 0.296733
0.712764 0.728788 0.260591
0.397815 0.384632 0.550283
0.0245933 0.0246593 0.143479
0.313102 0.223143 0.397514
0.694952 0.107209 0.679023
0.668145 0.401505 0.566726
0.294046 0.208768 0.151579
0.444842 0.393701 0.723612
0.536959 0.633894 0.546116
0.531255 0.335105 0.204938
0.495479 0.544153 0.321398
0.693125 0.495252 0.280511
0.090662 0.0880405 0.496565
1.36265 0.279476 0.311973
0.516105 0.40451 0.14348
3.67481 0.0873526 0.0695056
0.751813 0.691673 0.261173
0.329098 0.297123 0.418222
0.729878 0.523606 0.463147
0.203356 0.333549 0.0779831
0.301083 0.265694 0.222357
2.80418 0.0779241 0.441
2.66673 0.404234 0.239593
0.767406 0.18792 0.839706
0.391592 0.408987 0.787193
0.971615 0.37466 0.477204
3.66908 0.341301 0.476404
3.98667 0.61393 0.690401
0.357196 0.428423 0.14223
3.98614 0.0398559 0.477137
0.346384 0.311211 0.940981
3.46294 0.00188511 0.0841885
0.355809 0.367564 0.228884
0.624927 0.377077 0.170573
1.10445 0.327691 0.257044
0.281988 0.234162 0.0719051
0.681801 0.401685 0.216039
0.160194 0.161999 0.3714
0.275129 0.291448 0.508045
3.93545 0.129572 0.312893
0.5545 0.275177 0.809148
0.425316 0.352575 0.719429
2.67514 0.403307 0.992906
0.607659 0.37286 0.155017
0.707425 0.218933 0.198105
0.528072 0.441193 0.486011
0.362862 0.399051 0.134756
0.108503 0.0952816 0.11842
0.338728 0.332756 0.590456
0.793367 0.389902 0.430899
2.35887 0.378597 0.544227
0.331562 0.280261 0.270198
0.495904 0.35606 0.0869412
0.257436 0.264251 0.109725
0.338104 0.29092 0.210196
3.4969 0.465427 0.63569
3.99581 0.00498902 0.122083
1.38578 0.418795 0.329963
0.396127 0.336558 0.138225
0.173945 0.173028 0.150196
0.470035 0.418853 0.279603
0.887863 0.41543 0.938045
3.98148 0.0206553 0.0980629
0.858395 0.224168 0.772357
0.404632 0.375629 0.252752
0.278714 0.276275 0.0998215
1.07109 0.201941 0.419055
0.375877 0.630886 0.297566
3.592 0.349781 0.382508
0.82461 0.390879 0.334371
0.631591 0.418531 0.363559
0.214483 0.132092 0.408286
0.421936 0.188175 0.602082
0.609629 0.826837 0.745364
0.776174 0.720806 0.138865
0.718299 0.585333 0.818289
0.627905 0.276151 0.0615222
0.429984 0.509803 0.528719
0.781535 0.48134 0.432278
0.272737 0.287688 0.184021
3.87478 0.179183 0.467949
0.317668 0.317668 0.165489
0.551482 0.551529 0.217182
0.0842693 0.0838186 0.0492381
0.368709 0.417821 0.361923
0.86958 0.240548 0.285457
0.931551 0.558928 0.219116
0.788234 0.455213 0.14946
0.175743 0.239368 0.223823
0.826964 0.243549 0.483486
0.222489 0.331672 0.181612
0.810005 0.965312 0.205509
0.503681 0.497509 0.130045
3.63574 0.201611 0.0968202
0.442082 0.388165 0.188466
2.72021 1.00721 0.689338
0.240833 0.25083 0.399819
0.780047 0.191578 0.151995
0.432866 0.342547 0.265214
0.511701 0.410146 0.840148
0.305502 0.096763 0.306084
3.66406 0.234504 0.210828
0.388248 0.416134 0.0825185
0.301871 0.229575 0.081527
0.446205 0.800888 0.531316
3.22655 0.295379 0.330836
3.88974 0.132108 0.0711874
1.26286 0.437911 0.510502
1.22934 0.459278 0.228633
0.501412 0.618096 1.01729
3.64084 0.318175 0.180281
0.328883 0.306307 0.314608
0.504659 0.432991 0.207876
3.63639 0.443401 0.133713
3.91249 0.555829 0.875817
0.477741 0.445694 0.505778
0.680382 0.617723 0.319139
3.84252 0.171548 0.207039
0.79614 0.297796 0.910176
3.77994 0.212656 0.115307
0.266038 0.191646 0.0836424
3.83469 0.1978 0.119592
1.49431 0.691961 0.258265
0.192344 0.447214 0.715463
3.49905 0.322131 0.532813
3.72063 0.162842 0.125533
1.09303 0.376534 0.134805
0.419327 0.467808 0.303753
1.73109 0.47867 0.134004
0.604357 0.227617 0.357135
0.402183 0.392849 0.480675
2.65369 0.336513 0.674631
0.64178 0.278632 0.903742
3.3629 0.356976 0.336424
3.3797 0.530891 0.207053
1.07282 0.299208 0.363093
0.371725 0.378375 0.219255
3.36442 0.630525 0.568161
0.0113001 0.0113594 0.3415
0.406119 0.38473 0.104365
0.413819 0.186174 0.942225
0.268852 0.278872 0.677928
0.48883 0.361164 0.96513
0.39876 0.359876 0.238926
3.57883 0.365733 0.229679
0.184211 0.283791 0.217787
0.266875 0.253492 0.913204
0.505395 0.524185 0.0976389
CASE 1000
0.662307 0.295115 0.0919326
0.503375 0.855822 0.12809
0.498334 0.350247 0.148005
0.452157 0.257951 0.252231
0.90457 0.680523 0.37993
2.73475 0.127034 0.219347
0.407803 0.410891 0.0847041
0.218109 0.241348 0.511463
0.28405 0.559059 0.237002
0.625645 0.415092 0.434982
0.593657 0.60634 0.233635
0.42987 0.557659 0.480071
0.504126 0.351893 0.235772
0.287277 0.0946394 0.144403
0.613118 0.342776 0.228106
0.656403 0.613428 0.120929
0.546666 0.543063 0.107665
0.504216 0.457511 0.143047
0.653186 0.242159 0.276426
0.236215 0.348547 0.516324
0.232336 0.262267 0.110118
0.298841 0.292317 0.054875
0.48971 0.55991 0.131078
3.67898 0.552271 0.489562
0.166723 0.197327 0.314341
0.164973 0.207165 0.460179
0.444609 0.568454 0.241711
0.377074 0.395873 0.171417
0.516319 0.40032 0.149037
0.668982 0.523184 0.295392
0.288894 0.192535 0.183902
0.592531 0.517616 0.185612
0.437779 0.24951 0.154257
3.9774 0.545276 0.868515
0.92734 0.324633 0.661678
2.72997 0.941063 0.753614
0.406101 0.298653 0.0578271
0.0126439 0.0126903 0.115368
0.785258 0.872033 0.0553398
0.324133 0.352468 0.12199
0.296168 0.240897 0.621415
0.289572 0.344032 0.143994
0.271563 0.227728 0.16094
0.586506 0.551427 0.146063
3.99608 0.00919893 0.394789
2.84141 0.375166 0.165875
0.160186 0.230337 0.108975
0.172685 0.174282 0.0784178
3.61423 0.434509 0.325615
0.696758 0.289877 0.746273
0.613632 0.415719 0.443994
0.753271 0.568522 0.112982
0.373656 0.353975 0.154359
0.230278 0.400492 0.321236
0.703662 0.405557 0.143947
0.145726 0.0975563 0.119859
0.648252 0.475707 0.646314
0.515449 0.616103 0.293732
1.7363 0.924619 0.393184
0.619547 0.392999 0.215468
0.462177 0.462177 0.119378
0.44878 0.44878 0.0719222
0.762602 0.59341 0.158149
0.335413 0.332003 0.0542171
0.43538 0.42724 0.186104
0.199384 0.0847495 0.044525
0.0913359 0.0490928 0.131599
0.542659 0.689294 0.52731
0.385263 0.270854 0.347562
0.466488 0.490215 0.0894741
0.364066 0.184877 0.152296
3.65671 0.406421 0.236302
3.7048 0.261194 0.332066
0.737923 0.588343 0.220355
0.809749 0.499981 0.240848
0.60258 0.536044 0.336526
0.31176 0.283364 0.182921
0.832626 0.142375 0.150178
0.235217 0.219453 0.095843
0.871413 0.265416 0.454002
0.188522 0.198939 0.95438
0.331666 0.36432 0.103519
0.144552 0.130169 0.0721755
0.48571 0.533262 0.157487
2.80325 0.0819008 0.0551213
0.714856 0.497765 0.615349
0.200256 0.226812 0.186523
0.585372 0.402306 0.300617
1.44607 0.706845 0.324336
0.272426 0.252717 0.180767
3.96339 0.0507025 0.133017
0.657213 0.391792 0.0589551
0.448 0.105457 0.0837824
0.160097 1.12579 0.411935
0.500531 0.397385 0.157141
2.59637 0.548889 0.811912
0.823092 0.464627 0.171801
0.644981 0.643844 0.138347
0.288207 0.434551 0.734053
1.17902 0.556507 0.985808
0.405517 0.318173 0.0823957
2.70816 0.292208 0.263315
0.636672 0.62157 0.553317
0.684454 0.892276 0.376573
0.510024 0.512589 0.41291
0.529682 0.434841 0.258764
0.593329 0.598019 0.169912
0.632981 0.514995 0.162116
0.253648 0.294341 0.588637
0.117451 0.214522 0.439234
0.304672 0.283617 0.138592
0.803915 0.841526 0.235937
3.94095 0.0683939 0.125604
0.189948 0.194921 0.0638678
1.90638 0.279958 0.0783301
0.483163 0.374509 0.236978
0.200961 0.201688 0.483656
0.250704 0.319817 0.220083
0.293981 0.145542 0.85828
0.243269 0.243269 0.109906
0.223995 0.186074 0.0698016
0.521797 0.31829 0.114205
0.48863 0.302072 0.819231
0.544212 0.347372 0.156467
0.7283 0.277891 0.134481
0.365178 0.365178 0.115763
0.126903 0.132675 0.112611
0.294914 0.401004 0.423138
0.391577 0.425645 0.122972
0.435911 0.414429 0.124853
2.74259 0.504382 0.182874
0.10557 0.103832 0.0898994
0.33625 0.2715 0.141968
0.292404 0.388372 0.119218
0.554694 0.723858 0.16641
1.13391 0.372782 0.147515
0.230206 0.214466 0.11137
0.427286 0.595884 0.17658
0.37488 0.305412 0.156583
0.370199 0.370199 0.0881887
0.232427 0.358782 0.207201
0.478137 0.353425 0.13039
0.471571 0.289055 0.130319
0.579971 0.0746189 0.120198
0.0895759 0.117343 0.116843
0.916097 0.275565 0.398749
0.846699 0.402654 0.104143
0.307984 0.341434 0.139942
0.263921 0.263921 0.158168
0.28089 0.29617 0.0915535
0.498791 0.420951 0.291966
0.306976 0.204733 0.102638
0.463851 0.517506 0.24516
0.143347 0.113914 0.107013
0.723128 0.206527 0.127201
0.306526 0.0485193 0.2131
0.698936 0.571584 0.397136
1.44048 0.34716 0.20812
0.54321 0.54321 0.135729
0.349285 0.462574 0.543205
0.124793 0.125566 0.0483386
0.862547 0.400939 0.0847886
0.333263 0.270475 0.195947
0.273696 0.384833 0.171587
0.737321 0.455012 0.220076
0.387879 0.566373 0.315782
0.134664 0.160036 0.157882
0.396092 0.28845 0.135463
0.653239 0.863454 0.391103
3.51105 0.400776 0.113375
0.467952 0.456596 0.125578
0.734692 0.527938 0.0906537
0.718102 0.0935101 0.153274
0.310536 0.229226 0.11309
0.631255 0.671211 0.213382
0.500954 0.398514 0.307586
0.666888 0.596011 0.149282
0.373301 0.411504 0.148643
0.967383 0.499686 0.204061
0.40038 0.170186 0.139517
0.265176 0.320884 0.139067
0.127385 0.118606 0.0930726
0.242396 0.157632 0.419648
0.242799 0.270279 0.374588
0.152092 0.226218 0.0650994
0.550445 0.578043 0.151657
0.0789051 0.0789051 0.0573248
0.292621 0.292621 0.144882
0.444248 0.212174 0.218163
3.95687 0.150713 0.212142
0.364785 0.315534 0.13574
1.39093 0.705861 0.125122
3.87824 0.155252 0.109069
0.230736 0.230738 0.0695615
0.212117 0.190141 0.296571
0.60155 0.381607 0.373245
0.590987 0.17363 0.837318
0.249835 0.284163 0.0655038
2.69736 0.33841 0.501373
0.992229 0.361534 0.125317
0.739975 0.57282 0.229339
0.866218 0.428578 0.357451
0.682073 0.884753 0.234472
0.48849 0.416946 0.166344
0.303767 0.311964 0.113252
0.355641 0.379061 0.092449
0.507524 0.561493 0.104348
1.0728 0.452454 0.117318
0.432928 0.31686 0.0791142
0.0609869 0.0610382 1.10885
0.477802 0.185815 0.0713617
0.685953 0.544185 0.525863
0.429195 0.441737 0.136927
0.492746 0.394462 0.321923
0.231974 0.203676 0.419146
0.476949 0.669564 0.141137
0.363333 0.254507 0.548847
0.461491 0.36148 0.156964
3.56496 0.179489 0.0843292
0.658776 0.658776 0.0369445
0.557794 0.495151 0.151079
0.0540804 0.0541497 0.220768
0.362265 0.478305 0.0600919
0.187144 0.176302 0.0569862
0.272913 0.275536 0.349862
0.342684 0.315997 0.14762
0.61873 0.626089 0.093867
0.268353 0.309057 0.263407
0.330039 0.505246 0.203871
0.115028 0.117587 0.0314778
0.204325 0.204325 0.0928109
0.379894 0.666583 0.212822
0.254496 0.131626 0.0791404
0.542794 0.46524 0.221096
0.277409 0.425324 0.661061
0.747146 0.394279 0.393433
2.94823 0.427645 0.243971
0.942586 0.216304 0.0575275
0.2509 0.372594 0.126792
0.656806 0.769656 0.163976
0.333546 0.284741 0.953719
0.182303 0.0713416 0.411611
0.177664 0.166437 0.135793
0.497552 0.312572 0.262927
0.819559 0.264056 0.185808
0.256441 0.256506 0.243052
0.600257 0.467098 0.233242
0.410736 0.3008 0.134501
1.06865 0.430743 0.497154
0.833561 0.21315 0.14448
0.315371 0.260646 0.238701
3.31944 0.207297 0.0751517
0.54041 0.542492 0.301951
0.55346 0.509229 0.161784
0.504478 0.940647 0.155082
0.511645 0.267319 0.114904
1.53322 0.349006 0.317338
0.312455 0.411329 0.196975
0.355625 0.246436 0.14655
3.76532 0.232925 0.415221
0.87498 0.609433 0.65091
2.7374 0.167081 0.302187
0.322008 0.317491 0.508017
0.549304 0.280674 0.818123
0.377303 0.25767 0.129968
0.159834 0.219299 0.0866097
1.24017 0.170817 0.122453
0.532408 0.43333 0.607201
0.14734 0.124547 0.102004
0.708859 0.37519 0.0579452
0.477324 0.429123 0.107658
0.268687 0.125268 0.179796
0.627341 0.633675 0.156527
0.538788 0.50471 0.259633
1.57961 0.797878 0.275416
0.368132 0.416468 0.0675259
0.326962 0.368828 0.156606
0.343227 0.375326 0.599006
0.638395 0.78258 0.0779908
0.651119 0.475906 0.120249
1.03343 0.420647 0.328298
0.906426 0.906492 0.520651
0.411854 0.394945 0.0762032
0.538635 0.47952 0.0900578
3.81692 0.182479 0.322413
0.242999 0.231535 0.0886161
0.344585 0.356864 0.0763736
0.451277 0.346559 0.280537
0.732066 0.365107 0.0998021
0.796794 0.300299 0.317336
0.385781 0.362028 0.0708733
0.421024 0.386989 0.31437
0.166327 0.339532 0.272954
0.672243 0.514445 0.17488
0.409271 0.393877 0.348004
0.475012 0.370718 0.126111
3.83652 0.158391 0.194151
0.308333 0.60065 0.0711041
0.789667 0.725903 0.31201
1.10094 0.477894 0.1711
2.6969 0.417803 1.12733
0.436914 0.436219 0.242036
0.477544 0.415098 0.178311
0.882671 0.280882 0.714068
0.294271 0.294345 0.672168
3.37746 0.503936 0.163039
0.199095 0.202608 0.113298
0.509982 0.510038 0.110276
0.370713 0.448467 0.148535
0.389689 0.401195 0.157387
0.479857 0.305213 0.221421
0.526485 0.445225 0.13558
0.247318 0.439471 0.86324
0.726686 0.33892 0.236195
0.184328 0.125798 0.270508
0.258402 0.292084 0.404846
0.268873 0.39239 0.673818
0.0743109 0.0743109 0.0443084
0.428618 0.42007 0.070734
0.555135 0.587944 0.67548
0.407695 0.354691 0.234737
0.290309 0.312888 0.091212
0.785376 0.46069 0.116949
3.49978 0.184653 0.0964375
0.554715 0.554773 0.146787
0.285139 0.309791 0.122243
3.75629 0.255717 0.209616
0.370205 0.3461 0.289877
0.240681 0.283781 0.218758
0.678735 0.473664 0.225445
0.34182 0.236576 0.204182
0.342588 0.320397 0.107454
2.76235 0.412238 0.493173
1.51077 0.323463 0.667955
3.7991 0.174115 0.11988
0.266293 0.310505 0.10074
0.222077 0.203018 0.097136
1.26334 0.301026 0.192418
0.471934 0.287292 0.259624
0.0708225 0.0660199 0.390902
0.253919 0.714649 0.363737
0.0577869 0.05774 0.951038
0.614595 0.110012 0.150933
0.230996 0.288114 0.136226
1.06403 0.297484 0.147216
0.312375 0.319656 1.12551
0.825918 0.391954 0.578747
0.349475 0.161507 0.113149
1.29434 0.321972 0.373826
0.183329 0.182434 0.196845
0.481043 0.4658 0.147167
0.373581 0.35598 0.275585
0.294484 0.289218 0.446309
0.190578 0.190578 0.355764
0.261676 0.25089 0.142999
0.237316 0.337143 0.195118
0.895761 0.328348 0.131074
0.504642 0.479185 0.3106
1.28417 0.705216 0.259724
0.21779 0.305493 0.0945339
0.224926 0.207089 0.215937
2.80721 0.137087 0.0619352
0.469222 0.520694 0.131504
0.297642 0.304907 0.283508
3.82939 0.237124 0.0790314
0.532375 0.354853 0.427231
0.439957 0.370973 0.800825
0.243472 0.228649 0.110471
0.539775 0.478456 0.136094
0.239034 0.168626 0.575569
0.322846 0.303779 0.0586389
0.355865 0.31956 0.229606
0.290136 0.275367 0.0672862
0.472193 0.352312 0.112902
0.249819 0.271823 0.0924793
0.320947 0.321047 0.186788
0.222601 0.222601 0.0839781
0.565379 0.49431 0.19094
0.467489 0.516956 0.272072
0.215518 0.229917 0.408498
0.27395 0.313756 0.380827
0.664006 0.195302 0.334543
0.526717 0.403834 0.100527
0.603588 0.0654376 0.0936912
0.592546 0.473263 0.300164
3.52219 0.500797 0.207136
0.361616 0.334183 0.151184
0.265826 0.257549 0.375796
2.78378 0.51643 0.945638
3.34301 0.209366 0.0772827
0.489206 0.575684 0.191404
0.234159 0.207208 0.0996861
0.187844 0.188836 0.284983
0.384319 0.366258 0.166306
0.520888 0.529341 0.180232
0.505605 0.180939 0.114193
0.232137 0.215324 0.132501
0.385336 0.487446 0.222368
0.751539 0.512262 0.698805
0.477852 0.296515 0.181028
0.436512 0.261433 0.307052
0.181832 0.190079 0.0838822
0.40409 0.301393 0.0971087
0.242035 0.242035 0.0850666
0.550227 0.51513 0.231107
0.558822 0.597781 0.233848
0.276536 0.351415 0.165175
0.433774 0.410522 0.366428
0.409909 0.681847 0.0838718
0.270982 0.249179 0.274561
0.555509 0.554302 0.153203
0.295724 0.37562 0.205222
0.236613 0.236554 0.065832
0.227483 0.251237 0.540476
0.47172 0.440282 0.183526
0.486014 0.493311 0.0730271
0.482313 0.335596 0.0786441
0.20466 0.197162 0.290682
0.234667 0.159966 0.267041
2.68372 0.498745 0.200979
3.88638 0.0933722 0.656845
3.54893 0.188872 0.178772
0.463412 0.353638 0.157245
1.2493 0.470174 0.277369
0.0496641 0.269004 0.10902
0.302474 0.263306 0.203071
0.0877016 0.0904754 0.770339
0.290533 0.233559 0.0842082
0.304526 0.304526 0.129294
3.95694 0.0641116 0.474388
0.579334 0.27514 0.205286
0.818861 0.512046 0.23844
0.816586 0.247454 0.190666
0.584115 0.349201 0.453625
0.792824 0.222148 0.206765
0.484073 0.606978 0.080483
0.582716 0.494935 0.318518
2.60397 0.392197 0.151866
0.511415 0.432944 0.209028
0.657641 0.593238 0.167677
0.460007 0.460007 0.123963
0.514901 0.497007 0.135935
0.209185 0.218381 0.182976
1.05371 0.404805 0.307075
0.307885 0.385296 0.0765396
1.12476 0.292587 0.191024
0.444341 0.271887 0.48842
0.329238 0.336313 0.283359
0.863971 0.356518 0.313554
1.08991 0.483367 0.0964752
0.52689 0.519437 0.131835
0.600222 0.362903 0.124594
0.748685 0.225735 0.190019
0.242782 0.360669 0.281749
0.216354 0.22025 0.102513
0.267818 0.21773 0.168071
0.416966 0.245714 0.197356
0.312557 0.437685 0.375789
0.79258 0.329883 0.196617
0.327927 0.335769 0.121438
0.793046 0.601448 0.413227
0.312465 0.286707 0.457449
0.120436 0.17694 0.0643784
3.34263 0.151747 0.0854075
0.41438 0.448827 0.279383
1.06639 0.456073 0.146852
0.108878 0.101988 0.0532143
0.700127 0.465125 0.221344
0.428838 0.504205 0.168386
0.138089 0.138089 0.505442
0.688444 0.39661 0.502697
0.464841 0.598721 0.197779
1.39531 1.0774 0.257718
3.4329 0.878819 0.232429
1.07838 0.815472 0.360398
0.18089 0.172905 0.0318806
0.354045 0.318461 0.477689
3.65877 0.24465 0.0991891
0.447804 0.429293 0.492914
0.131906 0.131908 0.546831
2.55153 0.553702 0.125546
0.341115 0.308915 0.154084
0.508639 0.503127 0.107573
0.205553 0.197499 0.132348
1.02477 0.317131 0.213314
0.82462 0.502613 0.639456
0.312805 0.333008 0.364819
0.609598 0.299031 0.80452
0.510588 0.316622 0.270152
0.352832 0.34922 0.132591
2.68627 1.06962 0.68077
0.310525 0.332722 0.136795
3.88662 0.511944 0.765485
0.711683 0.516363 0.177072
0.118614 0.175997 0.0284706
0.33721 0.32182 0.542242
3.6646 0.588221 0.226037
0.25006 0.25006 0.133928
0.547804 0.23281 0.127652
0.263109 0.30391 0.0876386
0.197032 0.18804 0.0577154
CASE 1500
0.54014 0.485722 0.266751
0.221982 0.223302 0.110143
0.181267 0.234484 0.434583
0.414835 0.521083 0.273326
0.344846 0.369695 0.106725
0.34847 0.433766 0.176444
0.604495 0.453972 0.0948636
0.986964 0.693983 0.177227
0.494267 0.435115 0.0944194
0.391757 0.540659 0.316617
0.586273 0.529595 0.0436664
3.75507 0.261932 0.206149
0.0453044 0.0456214 0.141579
3.99568 0.0116007 0.0268738
0.582667 0.358653 0.17445
0.240161 0.124997 0.148533
0.525287 0.295669 0.0798951
0.48352 0.455136 0.175196
0.554244 0.339822 0.113785
0.562823 0.393847 0.261363
0.608751 0.504702 0.676949
3.87907 0.120747 0.0409141
0.215461 0.347101 0.176993
0.847878 0.347131 0.0796304
0.705472 0.211658 0.130934
0.5418 0.299257 0.196228
0.641432 0.598054 0.0849908
0.337393 0.368621 0.364429
0.925727 0.502116 0.189938
0.417694 0.284601 0.116888
0.985387 0.743962 0.206572
0.559643 0.337577 0.145842
0.365332 0.350999 0.102341
1.11094 0.165778 0.122068
0.294449 0.2776 0.214734
0.164934 0.0756834 0.096513
0.193947 0.166412 0.122087
0.55984 0.270673 0.748939
0.834486 0.103653 0.0645249
0.273063 0.329669 0.042835
0.17977 0.180397 0.10471
0.274005 0.301392 0.251746
0.332833 0.390014 0.4017
0.387957 0.387957 0.0826894
0.476267 0.389414 0.090501
0.328669 0.330884 0.104169
0.458 0.368613 0.0498332
0.304586 0.264217 0.0878271
0.22229 0.368061 0.136635
0.332401 0.260098 0.235845
0.128249 0.136166 0.361611
1.42791 0.39269 0.140061
0.430791 0.425226 0.0756984
0.656706 0.405567 0.08883
1.15561 0.279008 0.101617
0.356359 0.252032 0.599185
0.537261 0.485247 0.253091
2.64785 0.286415 0.061332
3.75974 0.255344 0.0666703
0.186279 0.945795 0.368974
0.209836 0.172913 0.080519
0.564865 0.649838 0.131188
0.510942 0.502348 0.190766
0.683846 0.451608 0.13959
0.991982 0.0855125 0.0820377
0.366357 0.380356 0.10185
1.03385 0.304561 0.633893
0.444682 0.386541 0.0755225
0.224899 0.203809 0.110644
0.584051 0.542821 0.0609258
0.439191 0.344916 0.0705879
0.326049 0.544929 0.304618
0.434038 0.222885 0.150437
0.258868 0.260233 0.138061
0.286992 0.226847 0.416529
1.09532 0.230007 0.078635
0.573816 0.41896 0.130046
1.33849 0.815754 0.257017
0.333059 0.335683 0.751724
0.380548 0.583542 0.373842
0.532997 0.323703 0.171127
0.389325 0.163126 0.0995017
0.553725 0.42095 0.118909
0.372358 0.639065 0.149472
0.362956 0.313459 0.471141
0.292306 0.648628 0.207376
0.322629 0.309607 0.195879
0.328745 0.328819 0.787458
0.367915 0.376677 0.276096
0.192869 0.188512 0.0821781
0.889147 0.152471 0.0696708
0.909978 0.369146 0.413643
0.513913 0.524822 0.733846
0.439597 0.439597 0.106174
0.194165 0.195444 0.0400364
0.353074 0.425389 0.125433
0.434015 0.363981 0.100646
0.465421 0.504413 0.643373
0.319436 0.615217 0.0984829
0.165807 0.178356 0.285336
0.520977 0.302017 0.171584
1.35923 0.209744 0.768511
0.658542 0.235108 0.0607096
1.2506 0.49918 0.13236
0.608295 0.388222 0.229889
0.331128 0.27682 0.132197
0.551735 0.274048 0.17537
0.341198 0.425625 0.15833
0.236631 0.24906 0.102856
0.518588 0.563145 0.232601
0.260729 0.214681 0.391003
0.427877 0.435148 0.107535
0.436588 0.50072 0.275249
0.43713 0.481197 0.118329
0.31588 0.348312 0.0815486
0.37907 0.139207 0.0742307
0.666727 0.374969 0.68102
0.267923 0.234705 0.339614
0.526701 0.271794 0.708964
0.325925 0.32463 0.12366
0.244499 0.278228 0.130914
3.47274 0.211569 0.0902148
0.746494 0.748399 0.190191
0.536024 0.165725 0.189516
0.374396 0.371832 0.0733362
0.796937 0.224302 0.0757305
0.0974019 0.102384 0.261318
1.35402 0.455532 0.212466
0.263093 0.211236 0.159819
0.349095 0.319184 0.104792
0.613032 0.356131 0.155546
0.152641 0.154695 0.218714
0.486104 0.481264 0.116486
0.647461 0.284422 0.0357344
0.434812 0.340595 0.0996746
1.655 0.810511 0.524861
1.0684 0.379857 0.128821
0.64747 0.432036 0.103729
0.306688 0.300071 0.432231
0.533672 0.448541 0.116943
3.72948 0.186991 0.148201
0.0812503 0.076265 0.061239
0.698462 0.229879 0.0879903
0.367618 0.433995 0.819389
3.83558 0.172694 0.066689
3.50035 0.419063 0.869444
3.08583 0.18953 0.0877982
0.289892 0.256443 0.0579794
0.307351 0.307351 0.0719401
3.80537 0.431677 0.334306
1.08599 0.477101 0.17595
0.609582 0.34479 0.110362
0.354051 0.347763 0.130551
0.177934 0.151011 0.28769
0.323581 0.637546 0.170511
0.407249 0.322103 0.45612
0.444352 0.447696 0.258873
0.673007 0.673007 0.228081
0.411369 0.238286 0.661641
0.441183 0.453882 0.725883
0.11509 0.12618 0.113578
0.501145 0.222994 0.195658
0.845962 0.394734 0.0972157
3.99435 0.0126142 0.104614
0.3448 0.383983 0.566512
0.59646 0.552433 0.11968
0.334627 0.261341 0.15649
0.562272 0.30582 0.0852826
0.0323754 0.0323772 0.185019
0.603381 0.426291 0.370112
0.410164 0.186222 0.0635107
0.476176 0.390793 0.148517
0.408863 0.295003 0.100818
0.385842 0.675152 0.146331
0.135947 0.135554 0.285164
0.438053 0.378716 0.218678
0.262999 0.374321 0.0958986
0.216923 0.205374 0.294663
0.443622 0.629011 0.221452
0.126874 0.156695 0.0716545
0.156794 0.141551 0.0478271
0.20391 0.195741 0.0674489
3.71108 0.493891 0.507301
0.375059 0.446425 0.0740432
3.94056 0.0739615 0.0503503
0.52713 0.213388 0.341695
0.49128 0.655322 0.116694
0.250695 0.226706 0.0811673
2.65645 0.662442 0.318058
3.93274 0.0832735 0.047942
0.150272 0.11884 0.0738688
1.05729 0.702168 0.262392
0.423261 0.288241 0.082673
0.212002 0.208222 0.103446
0.016614 0.0166153 0.406637
0.383336 0.383336 0.104824
0.222072 0.22781 0.161502
0.202617 0.197013 0.260565
3.75038 0.215019 0.0299787
0.35638 0.524477 0.879276
0.531385 0.266656 0.345043
0.434173 0.293748 0.154146
0.882658 0.608933 0.212447
0.15257 0.189159 0.10047
0.409342 0.356645 0.27122
0.165056 0.372122 0.172187
0.661881 0.557925 0.853732
3.24514 0.377992 0.2194
0.452236 0.34687 0.0543714
0.509923 0.503772 0.192575
0.0262002 0.0261866 0.197049
0.338069 0.210294 0.511465
0.250878 0.344318 0.129252
0.513023 0.515347 0.124201
0.0133467 0.0134287 0.0693734
0.290183 0.3354 0.206609
0.204234 0.204234 0.0561549
0.539371 0.408648 1.03868
0.55493 0.45878 0.150832
0.250643 0.587282 0.421725
3.99351 0.0169256 0.0339344
0.386878 0.329954 0.0653408
0.158451 0.259511 0.136411
0.333189 0.338625 0.117697
0.174331 0.171369 0.0759902
3.99211 0.00959806 0.0357255
0.270215 0.235882 0.0948091
0.232979 0.126431 0.117099
2.6029 0.56008 0.174447
0.651803 0.532275 0.170468
0.314282 0.436686 0.180654
0.205879 0.208156 0.0732669
0.4939 0.235901 0.487842
0.131257 0.173067 0.183407
0.14147 0.531681 1.27273
0.677994 0.630535 0.157716
1.17688 0.489107 0.567354
0.452838 0.321346 0.0691866
0.50819 0.393929 0.112565
0.312299 0.267778 0.688151
0.793443 0.559786 0.116401
0.395949 0.395949 0.163289
0.156666 0.195729 0.0703374
0.515212 0.515212 0.0802174
0.233255 0.230541 0.0781705
0.658565 0.185318 0.074221
0.318186 0.316888 0.111205
0.239466 0.383023 0.273524
0.656192 0.219155 0.282076
0.401754 0.306135 0.0966486
3.69099 0.286252 0.449795
0.68867 0.663906 0.0666375
0.462592 0.498362 0.0980732
0.418254 0.4154 0.0655507
0.678274 0.260371 0.0831736
0.473125 0.574585 0.453314
0.25258 0.29834 0.148092
0.318008 0.136856 0.232834
0.39756 0.392137 0.08282
0.242805 0.228911 0.083095
3.95778 0.0533426 0.0454535
0.22213 0.216863 0.132583
0.120548 0.116662 0.0440913
0.340653 0.353286 0.0232885
0.22721 0.0950801 0.0419193
0.188685 0.197798 0.0990092
0.367763 0.337296 0.163519
0.349809 0.415091 0.182456
0.298929 0.161925 0.0941568
0.602304 0.11416 0.163737
0.341665 0.338182 0.153485
0.40115 0.504747 0.188931
0.224718 0.114131 0.26125
0.396053 0.76915 0.225402
0.682457 0.185896 0.0676707
0.510396 0.302486 0.0511274
0.683478 0.687992 0.0349417
0.415638 0.448925 0.139776
0.225766 0.225766 0.460589
1.05226 0.510143 0.278001
1.11193 0.378809 0.509687
0.300333 0.332129 0.228753
0.530291 0.310667 0.08482
0.467341 0.218869 0.127182
0.489159 0.4521 0.38372
0.165162 0.09811 0.104219
0.394382 0.255782 0.566467
0.597504 0.642608 0.0997048
0.347869 0.244748 0.280393
0.309304 0.294773 0.177418
0.653177 0.266853 0.0801946
0.449375 0.214392 0.0477773
0.290697 0.141913 0.0864841
0.281444 0.368176 0.786957
0.167019 0.189062 0.0851132
0.564086 0.667075 0.230875
0.830103 0.597976 0.562204
0.225687 0.22359 0.298113
0.434649 0.454159 0.11623
0.401185 0.419844 0.110191
0.588662 0.623801 0.108908
0.381719 0.226598 0.707463
2.72935 0.522889 0.74858
0.290814 0.0746166 0.160625
0.543156 0.447235 0.297448
0.423905 0.409015 0.0732716
0.221127 0.142746 0.0890332
3.72091 0.273618 0.129836
2.50759 0.576242 0.152073
0.435151 0.607913 0.556556
0.399488 0.352554 0.0751678
0.605372 0.411077 0.0717303
0.902087 0.280494 0.144844
0.301622 0.269188 0.14335
3.76799 0.588504 0.544472
0.541007 0.480615 0.351547
0.209871 0.46571 0.140415
0.520799 0.270548 0.142119
1.06147 0.661313 0.0695527
0.721952 0.161801 0.215792
0.400067 0.395678 0.0835796
0.267161 0.193333 0.181327
0.336548 0.112003 0.175136
0.0896857 0.0949726 0.150236
0.393005 0.248962 0.456506
0.102299 0.198758 0.146125
0.339817 0.313724 0.0891114
0.389481 0.384861 0.364612
0.328548 0.27237 0.090839
1.7244 0.257012 0.0852914
3.55497 0.497245 0.245742
0.240095 0.307772 0.105821
0.220579 0.193104 0.179427
1.03829 0.443336 0.604583
0.0950827 0.0997465 0.122272
0.175074 0.171943 0.058972
3.65922 0.136145 0.0294036
0.362798 0.46571 0.0933689
0.721467 0.23614 0.102631
0.04105 0.0409147 0.524339
3.72747 0.0340967 0.141442
0.82219 0.507977 0.0957087
0.418475 0.484983 0.308896
0.265949 0.265949 0.0590051
0.489207 0.418492 0.0708257
0.41846 0.288802 0.0588339
0.489395 0.205436 0.192443
0.306518 0.213383 0.181828
0.515148 0.518888 0.0921254
0.712107 0.481719 0.350901
0.368947 0.38711 0.0845849
0.295191 0.418666 0.170743
1.04594 0.71787 0.204748
0.324939 0.275048 0.167988
0.790351 0.590201 0.428357
0.393421 0.498629 0.187566
0.397156 0.348166 0.117265
2.81581 0.654209 1.16917
0.417201 0.295091 0.154243
0.582684 0.282854 0.0592761
0.307343 0.294573 0.0639603
0.631065 0.547902 0.23829
0.524106 0.574926 0.157732
0.454439 0.349662 0.149489
0.210904 0.208257 0.567269
0.805166 0.326343 0.426577
0.425563 0.115326 0.120396
0.406616 0.191234 0.215945
0.605274 0.502696 0.102322
0.260628 0.280253 0.122639
3.74538 0.496683 0.658095
0.624764 0.646883 0.0783483
0.316341 0.311578 0.362175
0.363753 0.420896 0.207157
0.447074 0.382214 0.163668
0.41578 0.411397 0.313265
0.802386 0.414359 0.0852856
0.0704115 0.0916681 0.234376
1.2381 0.402993 0.579387
0.222823 0.25845 0.142431
0.480964 0.42946 0.144886
0.0336193 0.03338 0.110779
0.448253 0.512918 0.140169
0.0869785 0.0863019 0.0773632
0.809095 0.211509 0.144028
0.484797 0.46142 0.211691
0.0707709 0.0727999 0.108749
0.356089 0.3594 0.125176
1.36375 0.37476 0.239912
0.407918 0.407918 0.0491857
3.96017 0.0491545 0.0616853
0.978923 1.23677 0.628903
3.92726 0.137019 0.375586
0.57107 0.636139 0.1406
0.374413 0.321844 0.127413
0.854058 0.613164 0.140565
0.32152 0.354081 0.108899
0.12217 0.117645 0.0567533
0.369837 0.234442 0.225894
0.504598 0.312558 0.145741
0.435957 0.577975 0.128653
0.20457 0.134399 0.0699851
1.11564 0.356743 0.370118
0.633253 0.603376 0.107136
0.579517 0.305959 0.131542
0.371922 0.365978 0.0774668
0.452549 0.346767 0.0985733
1.31667 0.264502 0.0706136
0.391861 0.352376 0.0945446
1.08393 0.332089 0.502858
0.278854 0.432916 0.132073
0.623529 0.526913 0.085625
0.418537 0.125304 0.131354
3.78655 0.197197 0.0804871
3.53057 0.404945 0.187205
0.438323 0.267596 0.140845
0.507932 0.287681 0.128862
0.739371 0.495897 0.705687
0.206083 0.143202 0.170748
0.406092 0.432061 0.0601921
0.161977 0.278927 0.13483
0.10758 0.105011 0.0474472
0.512818 0.237505 0.309926
0.230606 0.197546 0.219435
0.583882 0.433868 0.443927
0.567574 0.532797 0.234114
0.92865 0.745591 0.215208
1.02464 0.420546 0.265859
0.815452 0.31376 0.123002
2.58706 0.539141 0.158733
0.491672 0.462463 0.31259
0.390421 0.393128 0.69794
0.460378 0.344367 0.231857
0.283165 0.291001 0.373438
0.961503 0.417342 0.175418
0.599686 0.502487 0.0922803
0.513684 0.420513 0.108787
1.24825 0.25214 0.14606
0.363457 0.499152 0.162718
0.849553 0.861786 0.410672
0.459958 0.341043 0.309971
0.424582 0.433132 0.112487
0.422392 0.684009 0.108734
2.5405 0.486832 0.453622
1.09195 0.266983 0.104942
0.269495 0.295522 0.0768905
0.418083 0.312872 0.128973
0.392173 0.163791 0.0929893
0.303459 0.439888 0.259685
0.925325 0.649368 0.0416772
0.306676 0.289148 0.105635
0.566462 0.12621 0.100832
0.478647 0.396086 0.178157
0.405954 0.381032 0.124126
0.383164 0.351475 0.167844
0.264663 0.257483 0.213851
0.240412 0.35331 0.0841513
0.303682 0.358912 0.234098
0.239378 0.379439 0.170154
0.855208 0.398673 0.0982514
3.94719 0.0795391 0.03954
3.70995 0.200132 0.0914313
0.437514 0.470652 0.0846692
0.311428 0.249527 0.416224
3.72638 0.115307 0.228632
0.0792795 0.0742424 0.0736297
0.40846 0.279464 0.118605
2.75408 0.21141 0.472791
0.306979 0.299215 0.0967014
1.04133 0.363024 0.161594
0.156558 0.156487 0.0699901
0.317378 0.182231 0.101819
0.481443 0.535484 0.122105
0.470395 0.555766 0.138047
0.373737 0.560735 0.400199
0.259467 0.249093 0.229391
0.345019 0.397088 0.0808524
0.185025 0.194516 0.404354
1.02516 0.849739 0.100137
0.373908 0.373908 0.0880524
0.605758 0.604097 0.129648
0.393516 0.410379 0.114199
0.389903 0.389903 0.469154
0.306531 0.330815 0.875819
0.41698 0.345844 0.134454
0.441346 0.449354 0.140967
0.454356 0.255102 0.161739
3.9015 0.141938 0.121414
0.812776 0.243916 0.277775
0.375203 0.285396 0.835557
0.341107 0.143718 0.0657497
3.44067 0.297229 0.113269
0.292924 0.715131 0.302567
0.282355 0.227044 0.186723
0.603072 0.189348 0.0650326
0.103053 0.163046 0.0973961
0.0276346 0.0277111 0.0895163
2.60546 0.389721 0.55766
1.05994 0.609687 0.296888
0.622277 0.230131 0.115843
1.17056 0.442302 0.114994
CASE 2000
0.39069 0.39069 0.0422238
3.83182 0.0509402 0.0957784
0.256521 0.156065 0.0755708
0.34504 0.364743 0.290935
0.543914 0.438151 0.146303
0.12038 0.119148 0.389474
0.906341 0.881535 0.0654614
0.346779 0.383584 0.0853935
0.414391 0.39989 0.141339
0.501316 0.396421 0.155816
3.82682 0.111206 0.067007
0.279454 0.25222 0.0797313
0.164291 0.164291 0.0887657
0.201881 0.201906 0.377365
0.13222 0.132957 0.0924548
0.316257 0.40894 0.267049
0.481481 0.400443 0.206378
0.663023 0.4554 0.578227
3.98067 0.50237 0.684774
0.27911 0.51007 0.117803
0.915288 0.147515 0.116359
0.359121 0.359121 0.111453
0.972604 0.602853 0.216297
0.356763 0.268852 0.183669
0.901552 0.633381 0.223293
0.148512 0.145052 0.0612035
0.390971 0.364327 0.0941722
0.461872 0.456584 0.517837
0.427771 0.46822 0.0940153
0.506746 0.62613 0.0809867
0.717031 0.521679 0.110234
1.24626 0.456361 0.154305
0.428149 0.583874 0.144319
0.358659 0.402076 0.220848
0.702562 0.644844 0.156241
0.982906 0.582126 0.431353
0.35138 0.287249 0.238805
0.400138 0.433957 0.298305
0.300307 0.304975 0.0801305
0.215221 0.342924 0.0755801
1.64001 0.499108 0.113593
0.69984 0.569732 0.101534
0.133273 0.0619992 0.228232
0.28185 0.239908 0.179585
0.219982 0.179819 0.0729953
0.5002 0.324602 0.111824
3.97144 0.038804 0.0227284
0.11362 0.11014 0.179616
0.268043 0.282411 0.0363659
0.524075 0.385515 0.553966
0.475302 0.842507 0.202674
0.463186 0.472147 0.143247
0.664203 0.551241 0.298732
0.291626 0.272052 0.173172
0.317758 0.164047 0.201363
0.272395 0.368285 0.104035
0.250037 0.254991 0.0737722
1.28228 0.210091 0.241294
0.398488 0.402988 0.0758145
0.0546762 0.0589325 0.0286789
0.396155 0.350103 0.043537
0.286525 0.26853 0.0529628
0.227939 0.314566 0.102005
0.33002 0.424243 0.0752378
0.745945 0.317931 0.546924
3.66378 0.305944 0.10435
0.280146 0.277969 0.0576609
0.114688 0.325724 0.258278
0.197415 0.297863 0.0754862
0.206967 0.217742 0.0721211
0.349217 0.479201 0.135176
0.554449 0.461547 0.0895922
0.310565 0.805894 0.0993761
0.192918 0.186653 0.10428
1.10375 0.23802 0.0779308
0.141223 0.141223 0.024595
0.695609 0.63334 0.109949
0.15731 0.166263 0.0741672
0.254313 0.286147 0.160244
0.300525 0.340502 0.0704482
3.68965 0.0804241 0.0185012
0.341756 0.269705 0.10524
0.179858 0.215907 0.0435176
0.318398 0.270815 0.134139
0.226487 0.253086 0.140923
0.125905 0.126757 0.0713905
3.40513 0.349211 0.10759
0.744215 0.505682 0.134702
0.479728 0.393518 0.552063
0.502535 0.445164 0.0632891
0.534243 0.376246 0.0984787
0.286863 0.169682 0.0779328
0.289554 0.247887 0.24828
3.79127 0.246478 0.223521
0.348335 0.369263 0.295724
1.50261 0.862996 0.31122
0.517809 0.302712 0.882393
0.133606 0.129401 0.0816368
0.755764 0.450839 0.17147
0.292383 0.249241 0.0806657
0.620503 0.471063 0.0995146
0.256783 0.110303 0.111705
3.55601 0.492048 0.101573
0.384064 0.346661 0.0437632
0.714615 0.205227 0.146348
0.286703 0.386938 0.0812891
0.273873 0.276227 0.245191
0.339834 0.79965 0.277556
0.442626 0.381948 0.103541
0.299594 0.350605 0.070644
0.0956371 0.130506 0.297916
0.548472 0.611055 0.0454909
0.248888 0.280023 0.15195
0.586496 0.601184 0.590596
0.212484 0.258493 0.0485754
0.345222 0.342318 0.0865287
0.244492 0.247894 0.066529
3.38644 0.118376 0.103275
0.520303 0.469793 0.277677
1.27064 0.218394 0.142468
0.65962 0.613022 0.104968
0.193432 0.244251 0.352301
0.385811 0.186685 0.0839661
0.251419 0.303512 0.0561304
0.568317 0.271207 0.0401094
3.79161 0.231064 0.0869101
0.330264 0.538026 0.881605
0.15766 0.245395 0.111059
0.429483 0.286186 0.135059
2.82224 0.0574722 0.053785
0.323605 0.464405 0.198703
0.449311 0.47993 0.183879
0.438123 0.431537 0.101502
0.164677 0.182979 0.232454
0.397291 0.457691 0.130805
0.434934 0.442262 0.10749
0.528581 0.329595 0.137265
0.643308 0.516729 0.0561902
3.71771 0.290653 0.181157
0.208983 0.203134 0.14076
0.236731 0.22296 0.0392553
3.95004 0.0588342 0.0249045
0.410597 0.428573 0.427756
3.65066 0.433881 0.152294
0.293026 0.311402 0.143642
0.698996 0.405276 0.0980169
0.257275 0.288692 0.13542
0.180648 0.205265 0.0526417
0.547112 0.323464 0.426568
0.447371 0.249614 0.0680474
0.464412 0.409156 0.0643385
1.42702 0.728147 0.485859
0.335156 0.276545 0.133241
0.799011 0.19575 0.832018
0.425821 0.288511 0.0543009
0.242651 0.186452 0.056448
1.54155 0.250316 0.140956
0.616973 0.453148 0.472072
0.23917 0.198439 0.115044
0.379171 0.421917 0.110353
0.265259 0.182457 0.571325
0.48805 0.350429 0.118444
0.216159 0.196439 0.121714
3.32397 0.210472 0.113966
0.647596 0.551692 0.419487
0.192293 0.2481 0.0601097
0.337643 0.294023 0.604987
0.222731 0.228564 0.089347
0.217235 0.297874 0.119912
0.473735 0.451259 0.375723
0.353364 0.33917 0.347898
0.585802 0.467614 0.101388
0.337824 0.217208 0.183463
0.37553 0.300548 0.100518
0.151738 0.147165 0.134753
0.247922 0.25614 0.408478
0.645577 0.286516 0.0455444
0.288284 0.311155 0.192729
0.275962 0.338905 0.06373
0.822659 0.228554 0.113494
0.270335 0.238006 0.130573
0.261943 0.27339 0.0551459
0.556529 0.555176 0.650311
0.0645133 0.0645684 0.0454506
0.457233 0.424633 0.0993635
0.180814 0.27857 0.204795
0.61124 0.234056 0.47976
0.925287 0.37611 0.44122
0.394402 0.36827 0.159478
0.0634826 0.0722765 0.0640513
0.769692 0.357731 0.0529428
3.58886 0.3423 0.0836807
0.175402 0.164112 0.275464
0.252457 0.334811 0.11529
3.75883 0.123708 0.0603993
1.5838 0.195573 0.900263
0.35232 0.316149 0.154133
0.539634 0.587808 0.184891
0.24446 0.233967 0.139785
0.315476 0.344706 0.0711383
0.20583 0.218645 0.0585959
0.207274 0.272673 0.0994312
0.580825 0.239535 0.065734
0.355386 0.320917 0.247597
0.387878 0.245298 0.435639
0.347849 0.24776 0.166813
0.262014 0.323781 0.0948468
0.776362 0.209191 0.582121
0.556102 0.425789 0.12183
0.416179 0.259455 0.0463299
0.682592 0.631575 0.333594
0.315795 0.369225 0.0851466
0.551315 0.182044 0.102748
0.191915 0.200735 0.110934
3.57069 0.333832 0.379766
0.542022 0.600646 0.124262
0.342073 0.124444 0.206497
0.284676 0.197616 0.10907
0.263085 0.23894 0.139517
0.393627 0.190652 0.204049
0.69141 0.583684 0.441815
0.665602 0.510329 0.191836
3.55461 0.378325 0.0683124
0.364287 0.330811 0.147512
0.980682 0.400605 0.445851
3.6002 0.242595 0.0383082
0.78203 0.466004 0.478968
0.503221 0.332869 0.109531
1.18196 0.282833 0.141777
2.73193 0.242455 0.0706353
0.625384 0.466012 0.269718
0.356373 0.378625 0.292492
0.457576 0.453659 0.370342
0.666065 0.681343 0.111677
0.15397 0.154294 0.421949
0.79498 0.676982 0.93212
0.243646 0.168755 0.0907047
0.630685 0.368554 0.421822
0.542218 0.505728 0.0794354
0.25667 0.360134 0.158649
0.469612 0.396276 0.130903
0.409791 0.401252 0.146778
0.798365 0.285977 0.0704699
3.8231 0.231005 0.0811844
3.96626 0.0321136 0.0214914
0.401834 0.567406 0.106102
0.21471 0.272306 0.172929
0.52826 0.458467 0.20548
0.390704 0.35626 0.202114
0.401887 0.395645 0.0484614
0.440367 0.460472 0.0814242
0.553191 0.453839 0.0675995
0.658987 0.306602 0.0910429
0.157352 0.0928937 0.0640108
0.435118 0.468985 0.281995
0.322982 0.17973 0.189591
0.470449 0.487953 0.0651999
0.679464 0.549154 0.274817
0.461614 0.339618 0.0672262
3.53899 0.191438 0.107643
0.263849 0.265707 0.0894723
0.166827 0.190967 0.116295
0.319496 0.229686 0.144289
0.284455 0.249881 0.134886
3.57165 0.254022 0.22376
3.49439 0.24749 0.0438418
0.654194 0.244724 0.122314
0.351564 0.31607 0.10921
0.782851 0.313772 0.0651877
0.480458 0.526869 0.283986
0.817684 0.1532 0.522517
0.239287 0.23239 0.0503587
0.487247 0.236545 0.119923
0.128153 0.104251 0.615173
0.0990785 0.106412 0.0694759
0.135528 0.122623 0.0741414
0.243306 0.243362 0.0896265
0.154806 0.147567 0.0447481
0.369703 0.159774 0.178304
0.614267 0.601883 0.125677
0.0671943 0.11309 0.114007
0.249101 0.315631 0.0978455
0.310779 0.304486 0.184724
0.328218 0.253639 0.115099
0.498551 0.483732 0.241634
0.380866 0.334333 0.309143
0.242052 0.233962 0.161277
3.40349 0.127799 0.0549137
0.209343 0.279722 0.189773
0.502943 0.51906 0.0490644
0.509833 0.600521 0.174825
0.369765 0.256755 0.0996962
0.691503 0.312529 0.453201
0.305372 0.31254 0.321607
0.0923357 0.0747471 0.0574421
0.261045 0.371307 0.134834
0.19588 0.192751 0.0379187
0.369399 0.273394 0.0830349
0.472522 0.577988 0.395079
0.431457 0.439443 0.0729753
0.561593 0.107751 0.125095
0.743575 0.533097 0.237745
0.206209 0.223515 0.0853386
0.275751 0.262456 0.0514093
2.69873 0.278797 0.0730553
0.252617 0.909236 0.413577
0.537635 0.504329 0.0545539
0.118957 0.0889479 0.0260814
0.243257 0.142104 0.0863311
0.167436 0.199417 0.0502234
0.215398 0.0523305 0.0703331
0.19564 0.224677 0.171333
0.279038 0.31416 0.075443
0.32081 0.356637 0.065163
1.066 0.581826 0.315557
0.160624 0.190086 0.133525
0.284075 0.25294 0.196829
0.514387 0.179911 0.0643928
0.301501 0.296777 0.0746539
0.135167 0.204031 0.306836
0.255984 0.278881 0.125506
0.324938 0.233927 0.0490416
0.354094 0.429146 0.086775
0.720904 0.487136 0.0933359
1.14143 0.556336 0.120764
3.94061 0.0582969 0.125031
0.263365 0.264811 0.179693
1.29989 0.392756 0.0920253
0.332138 0.296348 0.0815997
0.456184 0.420522 0.0489905
0.436374 0.593014 0.25269
0.366225 0.369723 0.174747
2.74634 0.211486 0.184299
0.626644 0.583665 0.290662
0.476737 0.197796 0.152535
1.94449 0.430448 0.0562456
0.657187 0.364453 0.257196
0.228185 0.329175 0.0678777
0.0146483 0.0144925 0.0306659
0.644175 0.616525 0.261584
0.37093 0.436107 0.0939887
1.43538 0.441709 0.210873
0.321495 0.212874 0.0686996
0.31497 0.278474 0.0819337
3.68013 0.21799 0.165986
0.358251 0.362525 0.0416628
0.887132 0.429694 0.158692
0.438082 0.474721 0.52824
0.629638 0.112368 0.109167
0.385771 0.193805 0.0688213
0.446014 0.262534 0.718449
0.295364 0.271494 0.0391944
0.254947 0.337397 0.164591
0.54334 0.470554 0.0339469
0.32218 0.52894 0.520406
0.312101 0.301551 0.0805512
0.257649 0.197329 0.0690576
0.47013 0.474209 0.610103
0.969057 0.302966 0.0720346
0.222862 0.227688 0.126301
0.170012 0.364464 0.111035
0.458894 0.548504 0.101869
0.412769 0.252059 0.101004
0.295965 0.276356 0.0438997
0.147694 0.0445895 0.210465
0.40716 0.324663 0.0710778
0.755578 0.189772 0.0615374
0.612092 0.571025 0.101553
2.66694 0.403396 0.605087
0.456124 0.362364 0.109667
0.439356 0.279204 0.0878073
0.203541 0.17107 0.128331
0.0410866 0.0410075 0.050664
2.77788 0.120388 0.139761
0.451539 0.44931 0.0721343
0.48541 0.44124 0.154183
0.274981 0.35994 1.07842
1.91743 0.587363 0.172553
0.253637 0.0589422 0.100824
0.462442 0.457605 0.119199
0.0312938 0.031362 0.396073
0.280813 0.296104 0.479848
0.37821 0.337709 0.13467
0.290517 0.225571 0.25995
0.355208 0.375446 0.0420416
0.192698 0.208607 0.143563
0.399888 0.330401 0.533194
0.759858 0.28988 0.163642
0.329262 0.445006 0.112609
0.423032 0.384196 0.316246
0.557914 0.202952 0.692438
0.147258 0.166092 0.0707433
0.495927 0.449884 0.144478
0.376184 0.65931 0.144634
0.329641 0.305602 0.103281
0.0447213 0.043119 0.0348187
1.35787 0.407515 0.312948
0.371294 0.444063 0.27736
0.0377293 0.0396735 0.0852678
0.280389 0.143509 0.0629319
0.254553 0.251964 0.0590015
0.419792 0.339455 0.132596
0.541674 0.512957 0.0679065
0.319475 0.336848 0.145292
0.169581 0.169581 0.0813697
0.415472 0.49092 0.0820875
0.6533 0.684603 0.993596
0.305583 0.315257 0.10123
3.6284 0.184314 0.161338
0.454524 0.415519 0.161831
0.554816 0.602716 0.135559
1.44432 0.828493 0.496286
0.142941 0.170601 0.88894
0.685727 0.537218 0.60973
0.213968 0.22296 0.0530105
0.266574 0.162832 0.187899
0.52567 0.471685 0.137205
0.551646 0.797141 0.0817541
0.301559 0.301559 0.0482916
0.177732 0.0792126 0.0769369
0.436025 0.467763 0.157743
3.82923 0.234032 0.0631645
0.181643 0.18503 0.14119
0.322823 0.338376 0.185157
0.657771 0.244341 0.168857
0.737221 0.721009 0.0877384
0.336035 0.311825 0.148232
0.398228 0.214509 0.131661
0.942588 0.338033 0.163377
0.673688 0.268641 0.0440846
0.226402 0.233249 0.0974667
0.88916 0.385496 0.0777888
0.381178 0.143223 0.142933
0.287482 0.276901 0.0938834
0.134706 0.0681664 0.0465842
0.229406 0.251176 0.0658252
1.05157 0.412726 0.228719
0.258087 0.283117 0.453603
0.649261 0.844071 0.1425
2.62959 0.522147 0.29117
0.37551 0.414028 0.133393
0.134873 0.154723 0.11002
0.440145 0.303876 0.143595
0.361636 0.322883 0.141604
0.246728 0.264299 0.0871983
0.283086 0.195454 0.324478
0.464392 0.344972 0.435613
0.625967 0.596929 0.0674294
0.124275 0.13327 0.219097
0.385144 0.340802 0.134263
0.414456 0.526947 0.113655
0.136085 0.137269 0.0594372
0.243067 0.244381 0.355724
0.327507 0.403322 0.0440139
0.295592 0.408938 0.137648
0.353236 0.494407 0.0560596
0.326818 0.379288 0.116364
0.336707 0.346268 0.271759
0.845581 0.551614 0.170795
0.28588 0.278024 0.0963767
3.69111 0.123627 0.21258
0.860702 0.134555 0.0841077
0.690141 0.29665 0.13815
1.21563 0.157839 0.105706
0.660132 0.529216 0.0791141
0.298263 0.0755463 0.141605
0.681897 0.348755 0.189145
0.602788 0.596153 0.0958441
0.0468843 0.0428637 0.0384757
0.138971 0.124899 0.149339
0.509774 0.520686 0.63757
2.80514 0.0433669 0.0567838
0.244109 0.260569 0.0590559
0.191398 0.241197 0.0726655
0.988387 0.215031 0.0455361
0.219827 0.281917 0.120361
3.54841 0.279237 0.108077
0.162269 0.168543 0.0511211
0.706889 0.253448 0.108337
0.392574 0.442011 0.680117
0.0879131 0.234162 0.0675
0.432998 0.338639 0.0711064
0.30046 0.354324 0.0866892
0.633929 0.560744 0.300148
0.165596 0.125011 0.0654133
0.163474 0.16009 0.0830696
0.294937 0.099698 0.091438
0.328063 0.328063 0.0705972
0.427371 0.373444 0.0496539
0.260918 0.376571 0.125897
0.230103 0.177467 0.0641385
2.76019 0.155296 0.529745
0.246955 0.212315 0.0437622
0.124003 0.122812 0.0450135
0.371789 0.446645 0.0637988
0.258618 0.305016 0.0606003
0.0736998 0.635499 1.01589
0.391816 0.346113 0.143067
0.630696 0.462469 0.114285
0.520878 0.512295 0.0598071
0.234351 0.292451 0.120595
CASE 2500
0.0985218 0.12708 0.11553
0.515703 0.451141 0.0296877
0.310607 0.353444 0.0873842
0.430238 0.443964 0.118104
0.198141 0.219419 0.0586187
0.4528 0.309634 0.191575
0.334975 0.398372 0.40028
0.563694 0.36932 0.565171
0.46623 0.385654 0.20844
0.288486 0.226422 0.0662531
2.69636 0.283235 0.0962845
0.307337 0.391559 0.0956076
0.32974 0.315984 0.0399784
0.526941 0.413116 0.0969076
0.192465 0.195797 0.0518256
0.550625 0.490548 0.093756
0.26931 0.301855 0.198306
0.495442 0.383621 0.0909812
0.122383 0.0896427 0.0579437
0.0824708 0.0788469 0.767683
0.726662 0.50323 0.0923139
0.364257 0.328762 0.73745
0.350216 0.325889 0.0869137
0.333272 0.64134 0.205821
0.266715 0.295547 0.117873
0.226231 0.347898 0.0609843
0.383456 0.385423 0.095999
0.562345 0.421686 0.140581
3.646 0.333905 0.0464706
0.419519 0.591305 0.326733
0.880144 0.573935 0.0506398
0.278299 0.326259 0.0592125
0.396879 0.421785 0.0482997
3.74475 0.281801 0.0800578
0.703823 0.266834 0.210488
0.0620816 0.0639662 0.0606219
0.391636 0.269505 0.0767232
0.0364013 0.0421704 0.127951
0.517632 0.525841 0.708984
0.0911854 0.0911854 0.0444591
0.602173 0.545726 0.0757811
0.346295 0.342861 0.105517
0.416593 0.327656 0.0824706
0.562684 0.305716 0.106192
3.7082 0.131428 0.107854
0.412073 0.413276 0.0745195
2.81861 0.102347 0.0456884
0.411358 0.787907 0.12538
0.156584 0.109019 0.255996
0.258442 0.277636 0.0892226
0.360492 0.484935 0.200142
0.198389 0.206484 0.055367
0.445694 0.291076 0.214919
0.355926 0.396194 0.104473
0.521804 0.318871 0.0808056
0.481967 0.684945 0.277983
0.119574 0.0991053 0.108926
0.617772 0.353945 0.327945
0.690822 0.515855 0.365038
0.464736 0.346772 0.158406
0.0628284 0.0497291 0.0703534
0.0997064 0.087983 0.067821
0.175751 0.206887 0.0405592
0.278884 0.751991 0.29579
0.431237 0.291757 0.114124
0.491349 0.308995 0.114323
0.269216 0.271495 0.171999
0.378369 0.450594 0.099001
0.316946 0.372667 0.156852
0.464215 0.382661 0.356877
0.0124958 0.0330031 0.036222
0.348381 0.337926 0.403342
1.06332 0.615531 0.0793828
0.259525 0.543477 0.658242
0.300639 0.353946 0.199816
0.478152 0.503943 0.152059
0.313215 0.309992 0.380578
0.28554 0.210636 0.0586276
0.383726 0.533564 0.180627
0.514079 0.565833 0.0301153
0.501692 0.329936 0.111673
0.334571 0.429613 0.114089
0.28591 0.284509 0.0583395
0.313445 0.228415 0.181152
0.551872 0.495791 0.0970533
0.284691 0.345477 0.0746202
1.3018 0.245723 0.215419
0.44049 0.341957 0.161634
0.361543 0.389135 0.104682
0.58364 0.64696 0.345163
0.67576 0.742397 0.0936455
0.513923 0.49771 0.0866032
0.87632 0.26174 0.259964
0.493665 0.145843 0.0945199
0.252484 0.283928 0.107859
0.315983 0.130393 0.221069
0.0549289 0.0586419 0.065706
0.616039 0.251406 0.106008
0.716034 0.511087 0.125019
0.347758 0.394452 0.223047
0.16762 0.205751 0.0467367
0.32684 0.346077 0.145044
0.256968 0.250292 0.604068
0.601581 0.590105 0.177225
0.0410799 0.0418141 0.0492226
0.90184 0.534084 0.171687
0.844202 0.197765 0.0880071
0.166826 0.167114 0.0607047
0.394168 0.268986 0.0801674
0.256552 0.288829 0.0671893
0.357365 0.471999 0.159
0.490271 0.816651 0.407625
3.40093 0.524164 0.124324
0.355117 0.420947 0.0715668
0.586856 0.448115 0.0580145
0.443987 0.450452 0.182447
3.97747 0.026376 0.0374022
0.613718 0.592821 0.0566265
0.295239 0.250208 0.207264
0.652712 0.509424 0.081948
0.975056 0.658491 0.102404
0.665487 0.610989 0.0672811
0.476629 0.542643 0.184967
3.87692 0.114788 0.0915362
0.480488 0.575476 0.364545
0.301467 0.275508 0.21161
0.606664 0.430093 0.17403
0.510911 0.509123 0.515794
0.449086 0.570162 0.115711
0.525172 0.194318 0.201286
3.96601 0.0480245 0.0378344
0.421974 0.516685 0.269451
0.538439 0.45852 0.100095
0.335826 0.223826 0.303887
0.460978 0.3116 0.052411
0.334354 0.389708 0.0619559
0.14173 0.168435 0.0572651
0.639961 0.653015 0.0958017
2.76476 0.587448 0.403025
0.349802 0.578358 0.636142
0.447111 0.254704 0.180225
0.20987 0.23191 0.203001
0.22675 0.225094 0.0287062
0.195712 0.186354 0.0581897
0.196697 0.196686 0.0412809
0.131412 0.131143 0.047717
0.465192 0.38102 0.19278
0.434027 0.326006 0.0611766
0.415552 0.406041 0.0391986
0.408432 0.472812 0.0971735
0.289605 0.343042 0.0939835
0.541486 0.534298 0.0823524
0.237368 0.220369 0.125951
0.811772 0.279438 0.0693522
0.360805 0.360805 0.133897
0.265015 0.265015 0.0394839
0.594876 0.525649 0.129752
0.650642 0.30386 0.419152
0.256109 0.256109 0.0371602
0.31451 0.354853 0.215632
0.190794 0.188953 0.061309
0.350386 0.395902 0.0596994
0.294202 0.233422 0.079978
0.256247 0.250898 0.0408542
0.265408 0.258701 0.105936
0.664054 0.58064 0.0798415
0.451289 0.382554 0.170895
0.170643 0.584928 0.285138
0.28542 0.255124 0.247308
0.33756 0.348824 0.266675
0.248293 0.213356 0.189404
0.411019 0.428358 0.0962191
0.176514 0.310331 0.298793
0.303429 0.607948 0.300684
0.444219 0.301629 0.218777
0.325583 0.229357 0.0540949
0.529521 0.559134 0.11781
0.392557 0.406162 0.376056
0.229817 0.243843 0.44859
0.037445 0.0423907 0.0475317
0.360802 0.154236 0.102548
0.309509 0.0985249 0.0869447
3.78019 0.181793 0.0406791
0.930804 0.575247 0.166192
0.707459 0.266107 0.200469
0.373792 0.438891 0.0856248
0.56507 0.363582 0.208508
0.31896 0.306062 0.225171
2.72327 0.532896 0.657517
3.42338 0.085069 0.0140958
0.407183 0.347037 0.646852
0.435339 0.316994 0.209543
0.188184 0.188184 0.0682705
0.516564 0.393771 0.0917087
0.185496 0.178424 0.0420087
0.141039 0.141004 0.191555
0.224833 0.108929 0.0885808
0.709322 0.666528 0.220738
0.349873 0.349873 0.12052
0.404317 0.598995 0.237369
0.492795 0.469787 0.0448272
0.26083 0.311518 0.72437
0.437286 0.601171 0.164087
0.690896 0.547291 0.0946575
0.12979 0.102831 0.114407
0.521992 0.467965 0.350741
0.456597 0.406625 0.460112
0.340598 0.39197 0.0752673
0.451511 0.437809 0.169047
0.215624 0.179928 0.163482
0.467507 0.586399 0.14419
0.325703 0.660427 0.214545
0.604965 0.572346 0.0952288
0.344464 0.393239 0.0738518
0.3999 0.245178 0.122889
0.366781 0.247864 0.0850042
0.427144 0.469672 0.216244
0.29026 0.517768 0.191765
0.284766 0.286511 0.071656
0.27517 0.336851 0.109816
0.482925 0.423824 0.276272
0.156844 0.157893 0.0459371
0.17527 0.40367 1.19379
0.616419 0.319233 0.0971382
0.405766 0.383075 0.145005
0.418224 0.419724 0.0904541
0.537483 0.505906 0.0952555
0.319512 0.242934 0.115888
0.283507 0.606302 0.37267
0.298188 0.306303 0.0613215
0.519689 0.512446 0.35262
0.176196 0.171387 0.065897
1.55151 0.842008 0.328853
0.380361 0.365507 0.128489
0.0455206 0.0471231 0.0660338
0.145198 0.152366 0.154361
0.434414 0.271779 0.152876
0.559692 0.540898 0.0522736
0.28206 0.198658 0.146775
0.0554623 0.055465 0.0304784
0.28412 0.295688 0.0656997
0.261685 0.258139 0.0953293
0.0442808 0.0366273 0.790523
3.90269 0.118592 0.0560627
0.798209 0.333942 0.736988
0.31278 0.310765 0.068302
0.325567 0.197376 0.247934
0.403074 0.229911 0.0784708
3.19658 0.279905 0.206383
0.503184 0.122017 0.054058
0.606606 0.905016 0.220587
0.311673 0.49583 0.282626
2.6826 0.277738 0.0309013
0.494581 0.404902 0.251991
1.04317 0.536305 0.191622
3.90429 0.124985 0.0537472
0.24959 0.228837 0.0523894
0.209156 0.283533 0.0303834
0.407378 0.397765 0.032524
0.348385 0.366204 0.0554918
3.76401 0.394637 0.681155
0.380346 0.365905 0.0763529
0.256957 0.192065 0.100118
0.192392 0.124177 0.0337948
0.393756 0.203414 0.370043
0.119357 0.125527 0.0401339
0.645362 0.633577 0.157901
0.28432 0.231408 0.229934
3.63654 0.165652 0.0581736
1.32638 0.535715 0.39111
0.10633 0.0679275 0.0388284
2.27318 0.385936 0.108594
0.260897 0.260897 0.0764942
0.12021 0.120042 0.0366766
0.588129 0.214381 0.0909102
0.451668 0.244513 0.111808
0.171392 0.171392 0.0422862
0.0573771 0.0576786 0.0388968
0.481757 0.274077 0.0618635
0.181518 0.134239 0.0695604
0.172298 0.174843 0.123921
0.723693 0.137281 0.11059
0.400147 0.410152 0.165149
0.289884 0.508544 0.118831
0.16991 0.15879 0.0797327
0.313539 0.29468 0.0919601
0.575367 0.57708 0.10025
0.262379 0.270596 0.0960211
0.722973 0.593407 0.455384
1.38789 0.616204 0.263304
3.15933 0.26267 0.0755875
0.717947 0.518432 0.248973
0.321022 0.324418 0.191028
0.432648 0.409779 0.136622
0.473198 0.303176 0.633622
0.124665 0.11876 0.984008
0.31902 0.350703 0.120254
0.238594 0.238594 0.0874895
0.661926 0.360819 0.339376
0.586042 0.646239 0.322726
0.236881 0.922686 0.310112
0.539215 0.51386 0.225755
1.74823 0.362757 0.606819
0.330703 0.244733 0.226074
0.738684 0.213158 0.671144
0.0329109 0.0330675 0.0152042
0.33365 0.296231 0.132471
0.752922 0.497602 0.0663494
0.58335 0.597891 0.23403
0.200499 0.188169 0.0717383
2.72837 0.432063 0.0860561
0.403097 0.154077 0.0899875
0.338896 0.349981 0.360721
0.229857 0.863608 0.2698
0.871314 0.52558 0.0890396
0.573312 0.438143 0.172167
0.309192 0.369624 0.0862734
0.449182 0.449182 0.0826358
0.236715 0.125338 0.0514168
0.525548 0.325766 0.0733755
0.423592 0.151024 0.0657567
0.61236 0.486917 0.400622
0.43417 0.334344 0.09487
0.145929 0.146318 0.0191425
0.216392 0.215232 0.251118
3.7101 0.0591321 0.0274643
0.175183 0.215901 0.0234192
0.72749 0.237853 0.351324
0.153085 0.161948 0.0540595
0.49282 0.49282 0.0540477
0.278916 0.402042 0.287733
0.229233 0.229233 0.0772136
1.05372 0.191211 0.144658
0.309884 0.367935 0.0898278
0.0594142 0.0973297 0.287226
0.659164 0.34683 0.101173
0.632126 0.311998 0.203929
0.306653 0.294991 0.53276
0.513829 0.513829 0.089606
1.19431 0.164585 0.127711
0.518937 0.518084 0.072562
0.15753 0.15893 0.479263
1.16548 0.238781 0.110142
0.496738 0.478518 0.132448
0.410333 0.273313 0.123003
0.403752 0.397424 0.104878
0.433353 0.376035 0.161498
1.07013 0.459349 0.5468
0.331748 0.24991 0.626107
0.563651 0.542643 0.22966
0.580443 0.603038 0.112487
0.905756 0.20319 0.105844
0.476612 0.497072 0.0810547
0.0902327 0.100286 0.366305
0.717045 0.591742 0.109819
3.47223 0.288615 0.139554
1.09365 0.244961 0.104429
0.311442 0.342304 0.135858
0.122238 0.113044 0.0609282
0.43654 0.414529 0.301839
0.275438 0.275438 0.0558187
0.208868 0.212181 0.11417
0.205025 0.418126 0.14254
0.633532 0.488405 0.0375237
0.356431 0.336039 0.277167
1.0556 0.825491 0.232512
0.326649 0.348523 0.259679
0.256293 0.32735 0.0205695
0.311235 0.502939 0.243161
0.216792 0.436959 0.0883477
0.143543 0.0949579 0.0789538
0.144796 0.100317 0.0572087
2.78691 0.141566 0.364781
0.19173 0.147938 0.324009
0.71504 0.71504 0.116901
3.98816 0.0180373 0.285058
0.237436 0.268802 0.0617459
0.946779 0.256412 0.0805956
0.395715 0.488681 0.0737028
0.441195 0.439918 0.0660539
0.658845 0.188406 0.0676873
0.460675 0.456117 0.12346
0.808842 0.737728 0.234864
3.94831 0.0705428 0.671434
0.750363 0.60424 0.0910884
0.230421 0.1566 0.0407289
0.252573 0.252573 0.0262813
0.457791 0.471156 0.145903
0.451205 0.438674 0.071907
0.281182 0.276576 0.0996855
0.86656 0.79004 0.122872
0.250738 0.324137 0.0853911
0.269988 0.306141 0.106343
3.85855 0.242806 0.736345
0.239114 0.181163 0.329228
0.637047 0.288147 0.0573722
0.247416 0.25011 0.104119
0.461707 0.542351 0.451079
0.143143 0.237752 0.0348957
0.215694 0.231183 0.0811694
0.37949 0.39192 0.0605072
0.358708 0.243598 0.440379
0.128759 0.131922 0.208068
0.402188 0.387956 0.0681361
0.361564 0.137586 0.133612
0.616158 0.696692 0.257715
0.547942 0.527534 0.0466847
0.425699 0.340659 0.372427
0.846755 0.338923 0.0764584
0.354617 0.409336 0.0988947
0.364805 0.415793 0.118541
0.577164 0.248619 0.156122
0.151124 0.094029 0.052296
1.46493 0.27586 0.442052
0.397261 0.651856 0.224286
0.249768 0.246849 0.0512258
0.54418 0.385874 0.107998
0.302828 0.134099 0.0691693
1.25651 0.560551 0.957317
0.731896 0.323729 0.250647
0.325494 0.325494 0.189717
0.545654 0.617476 0.380881
0.426235 0.49079 0.119016
0.450571 0.427542 0.222647
0.4824 0.44093 0.330305
0.238015 0.161723 0.139667
0.310905 0.294307 0.0350894
0.464843 0.307517 0.106635
0.595665 0.619748 0.13935
0.378182 0.348626 0.103002
0.347434 0.446451 0.0220697
0.4742 0.345148 0.687556
0.360495 0.335752 0.0687566
0.721388 0.547779 0.0983662
2.46619 0.738702 0.167082
0.266536 0.186273 0.208494
0.271813 0.334387 0.777369
1.124 0.254492 0.208068
0.279817 0.228319 0.0649321
0.304195 0.232242 0.0688107
1.08284 0.728135 0.146157
0.333231 0.429858 0.164121
0.212369 0.434236 0.104434
0.700069 0.284268 0.104152
0.119928 0.122508 0.0504952
0.594228 0.443114 0.282373
0.476809 0.383194 0.286018
0.794761 0.449193 0.116276
0.0728014 0.0744419 0.112257
0.125852 0.0502752 0.0692555
0.220497 0.218725 0.142947
0.307903 0.418037 0.402722
0.547562 0.53178 0.0595442
0.486085 0.491261 0.105344
2.67939 0.304369 0.0704838
0.319324 0.281966 0.157608
0.269161 0.269161 0.0382242
0.562311 0.533857 0.508103
0.152208 0.139608 0.0606156
0.308797 0.329363 0.0829304
0.215716 0.215716 0.0919156
0.332547 0.113224 0.0173193
3.52286 0.414618 0.127443
0.331714 0.334823 0.0351633
0.41365 0.318656 0.109819
0.597637 0.705966 0.0906857
0.254645 0.221472 0.093382
0.185498 0.387146 0.159962
2.82105 0.0164254 0.0127998
0.23919 0.24489 0.0529374
0.4237 0.49225 0.192896
3.66799 0.446499 0.120989
0.445176 0.222709 0.0512135
0.111869 0.193595 0.0583112
0.398146 0.355309 0.0390184
0.144494 0.175602 0.0651501
0.377228 0.329439 0.0823868
0.673804 0.457909 0.0798098
0.373191 0.399718 0.254508
1.44198 0.922869 0.305923
0.239087 0.266577 0.207827
0.439587 0.363973 0.161917
0.606582 0.53233 0.0663246
0.278387 0.339513 0.12316
0.54157 0.530148 0.151865
0.425389 0.563872 0.18906
0.317044 0.401831 0.180301
0.322995 0.249022 0.402544
0.839131 0.278091 0.139042
0.271973 0.274863 0.082137
0.468373 0.283952 0.114835
0.490305 0.323209 0.0896466
0.965135 0.105962 0.124265
0.296104 0.29773 0.346973
0.249281 0.218279 0.0437599
0.114496 0.120471 0.0486371
0.34652 0.762752 0.24173
0.421863 0.500822 0.0734238
0.327417 0.364465 0.116297
0.251824 0.251527 0.0897439
0.111802 0.111802 0.0924267
CASE 0
