CASE 100
0.60859 0.124607 0.241575
0.521912 0.340915 0.318528
0.767057 0.306947 0.198995
0.709899 0.332406 0.632448
0.531083 0.295126 0.349232
0.554234 0.167689 0.295513
0.535425 0.252246 0.423003
1.72562 0.52179 0.214001
0.58889 0.320732 0.232692
0.621556 0.244396 0.359623
0.683958 0.341309 0.164492
2.19431 0.185867 0.196726
0.522305 0.100355 0.113121
0.788044 0.164909 0.120642
0.723906 0.557826 0.292102
0.515289 0.218062 0.409472
0.52159 0.198405 0.146202
0.579519 0.289811 0.2563
0.545423 0.201285 0.236617
1.1978 0.244426 0.210653
0.515585 0.0758243 0.100061
0.759153 0.537428 0.277847
0.662448 0.159281 0.30168
0.519256 0.520153 0.201335
0.914219 0.567294 0.176861
0.516364 0.194838 0.190063
0.525115 0.20209 0.407088
1.72562 0.106067 0.215184
0.517565 0.521333 0.210544
1.72562 0.0799346 0.156018
0.548789 0.172269 0.188396
1.72562 0.341734 0.601755
0.621549 0.284063 0.574914
1.72562 0.272591 0.739467
0.521795 0.182087 0.184982
0.844621 0.152244 0.0734038
0.21374 0.525087 0.305613
2.16017 0.207371 0.195782
0.491119 0.523067 0.29571
0.595241 0.203813 0.178294
2.01649 0.351105 0.272003
0.51005 0.125924 0.116507
0.723906 0.286551 0.302275
2.23089 0.522688 0.174493
1.72562 0.18865 0.517255
0.548169 0.53879 0.233954
0.813511 0.116654 0.202856
0.984465 0.361515 0.30938
1.67768 0.238015 0.217857
0.54177 0.191839 0.421996
1.72562 0.302091 0.409458
1.72562 0.345325 0.342493
2.19431 0.22161 0.123353
0.582812 0.229523 0.151168
1.1978 0.247805 0.258483
0.511719 0.171383 0.153549
0.368058 0.541751 0.306624
0.814518 0.151713 0.467164
0.531386 0.214551 0.227658
2.23089 0.547086 0.296567
0.674396 0.262343 0.39609
2.01649 0.30372 0.584873
0.80211 0.185815 0.105603
0.372592 0.25156 0.279031
0.520699 0.249684 0.227808
0.525828 0.140301 0.254876
1.19779 0.517107 0.198629
0.524004 0.151538 0.263671
2.16423 0.223844 0.214688
0.571941 0.526514 0.268946
0.617107 0.51818 0.306808
2.23089 0.120644 0.0536554
0.547024 0.158615 0.264147
0.822629 0.284251 0.211843
0.151686 0.206876 0.190202
0.519428 0.314133 0.25037
0.825432 0.523748 0.183795
0.813368 0.0985896 0.421301
0.60063 0.242351 0.198261
2.16017 0.539899 0.183401
1.00115 0.517471 0.217499
1.1978 0.52518 0.256319
0.586569 0.257262 0.311427
0.524523 0.531787 0.240045
0.516393 0.530306 0.272938
0.597422 0.572923 0.243745
0.723906 0.093863 0.0901603
0.323765 0.213367 0.25025
0.518871 0.0893637 0.0625298
2.19431 0.202556 0.212899
1.72562 0.516802 0.226421
0.51353 0.172571 0.103609
2.19431 0.518285 0.219683
0.723906 0.263857 0.324116
0.845338 0.147842 0.309138
0.558346 0.120585 0.238312
1.72562 0.350604 0.362474
0.670879 0.182675 0.47745
0.609799 0.32845 0.319378
1.1978 0.184808 0.106019
1.1978 0.361322 0.279788
CASE 1000
0.132971 0.0483211 0.0423522
0.227317 0.0162442 0.0398773
0.25803 0.0339167 0.0518173
0.500152 0.0698509 0.0444679
0.0640489 0.0491951 0.0512617
0.47276 0.233142 0.1584
0.563586 0.0486689 0.0471177
0.268673 0.0762656 0.0871273
0.372278 0.0843385 0.0962181
0.236276 0.177439 0.143841
0.569063 0.15659 0.133191
0.257185 0.104945 0.0983329
0.262547 0.253773 0.234224
0.550747 0.0320185 0.0838601
0.105917 0.0854084 0.0843378
0.32756 0.0413019 0.0514297
0.123025 0.231234 0.176672
0.519452 0.0817967 0.0994693
0.527673 0.147861 0.0849252
0.553833 0.102396 0.0892353
0.196855 0.077057 0.0453628
0.312379 0.111086 0.0803218
0.192228 0.0841405 0.109963
0.349393 0.053298 0.0530348
0.517079 0.13483 0.15148
0.442043 0.0767208 0.0610057
0.181945 0.190352 0.182028
0.161793 0.172223 0.1974
0.273978 0.0889204 0.0763501
0.698851 0.0866833 0.0473782
0.217426 0.073612 0.0564151
0.273039 0.121763 0.0922788
0.393544 0.124238 0.0497809
0.562824 0.093793 0.100304
0.213702 0.108409 0.100529
0.33882 0.0540701 0.0528859
0.531956 0.0777772 0.0903183
0.594196 0.0755571 0.0826254
0.292785 0.0546405 0.064543
0.522679 0.170922 0.144749
0.371306 0.177377 0.122171
0.325619 0.212786 0.186787
0.563085 0.171528 0.170291
0.557482 0.0853581 0.0951806
0.161498 0.200474 0.169218
0.560117 0.015341 0.0310473
0.230078 0.148991 0.138923
0.694712 0.0740384 0.0570897
0.269603 0.139334 0.148429
0.390667 0.0714984 0.109801
0.497207 0.121534 0.0922135
0.164383 0.195995 0.157119
0.404271 0.116702 0.058892
0.546949 0.0902887 0.0680174
0.293627 0.130532 0.136913
0.572034 0.0678321 0.0655016
0.434116 0.0798545 0.0603641
0.314984 0.154257 0.127207
0.527361 0.117862 0.0996626
0.565123 0.0874053 0.0835671
0.278643 0.209455 0.16848
0.513101 0.111527 0.0817655
0.435768 0.0474935 0.0274136
0.441988 0.114938 0.112655
0.466377 0.0576894 0.0436993
0.520499 0.101455 0.0910031
0.563987 0.114168 0.0964569
0.347126 0.10041 0.137906
0.243697 0.168486 0.122342
0.367662 0.108927 0.109043
0.491633 0.0687678 0.0403874
0.647179 0.0350165 0.032681
0.136421 0.115682 0.108402
0.0288513 0.0354063 0.016219
0.207085 0.0400961 0.0446207
0.249914 0.102401 0.0974402
0.0858681 0.0164719 0.0438865
0.274139 0.0402498 0.0578651
0.391648 0.0811943 0.0787684
0.233686 0.253333 0.220541
0.396791 0.037876 0.0554642
0.146583 0.0667274 0.0775343
0.240929 0.0904909 0.0604402
0.140306 0.131993 0.0799836
0.269871 0.265933 0.182924
0.253673 0.191696 0.171332
0.557225 0.157716 0.114357
0.110379 0.0338838 0.066764
0.481761 0.0508967 0.0505761
0.613684 0.0540036 0.0454309
0.20061 0.0514444 0.0585972
0.114406 0.286713 0.241661
0.509776 0.212351 0.194714
0.519031 0.100394 0.0836013
0.511937 0.0796649 0.0862582
0.544411 0.0518997 0.0386392
0.569335 0.0382588 0.0521198
0.393565 0.0314195 0.0365212
0.285295 0.0546023 0.0620853
0.203159 0.123374 0.119199
0.221641 0.0696702 0.0727011
CASE 10000
0.1348 0.0622424 0.0646645
0.232284 0.0172108 0.0289739
0.0845935 0.081595 0.0628618
0.153459 0.0288109 0.018728
0.056029 0.0252445 0.0199376
0.156361 0.0377968 0.0286042
0.157111 0.0610131 0.0495784
0.14062 0.0491278 0.041863
0.0396472 0.0370773 0.0342932
0.120568 0.0231564 0.0205763
0.0518172 0.0663768 0.04715
0.102177 0.0244793 0.0278504
0.213637 0.0597376 0.0396167
0.13517 0.0214822 0.0255395
0.104033 0.0238901 0.0158403
0.0436127 0.0331623 0.0330918
0.0206763 0.0376882 0.0433187
0.20142 0.0581364 0.0519853
0.0279239 0.0127786 0.0179918
0.366794 0.0191945 0.0107113
0.0850403 0.0168294 0.019045
0.082102 0.00761152 0.00865057
0.0419539 0.0347124 0.0374198
0.11222 0.0481686 0.0273482
0.0466688 0.0130254 0.0134694
0.261983 0.0777046 0.0750185
0.0708453 0.0239551 0.01838
0.197567 0.0240859 0.0247733
0.0822903 0.0528165 0.0407797
0.157642 0.0151956 0.00361094
0.168984 0.0205908 0.0178772
0.0619577 0.0304534 0.0244434
0.0549331 0.0401692 0.023557
0.0979199 0.00781555 0.00594278
0.166543 0.0282459 0.0241869
0.0724031 0.0243914 0.0223796
0.204784 0.0353022 0.0284042
0.0356118 0.0349584 0.0302676
0.191077 0.043536 0.0323682
0.0813339 0.0314765 0.0137046
0.0874395 0.0116315 0.0158588
0.0959952 0.0160865 0.0127156
0.116795 0.0537946 0.0518834
0.0431481 0.0264468 0.0168684
0.1041 0.0364972 0.0340937
0.0651656 0.0384047 0.0230129
0.11465 0.0328288 0.0288034
0.0983936 0.0242698 0.0248734
0.175042 0.0336977 0.0196636
0.116128 0.0327479 0.0347158
0.0747962 0.0124398 0.0110963
0.327411 0.020051 0.020767
0.161506 0.03038 0.032681
0.147547 0.0304372 0.0221837
0.145362 0.0263134 0.0256712
0.192661 0.0252572 0.0251586
0.103597 0.0228505 0.0154776
0.0329735 0.0276567 0.0140003
0.231893 0.0215981 0.00981624
0.0732342 0.0157914 0.0182278
0.0871918 0.0188484 0.0162032
0.145687 0.0136409 0.0271999
0.221216 0.0249004 0.0247755
0.085669 0.0534906 0.0429219
0.107917 0.0485617 0.0438689
0.265359 0.0357425 0.0344718
0.0544699 0.0158475 0.0212606
0.14136 0.0559839 0.0376176
0.137515 0.0225013 0.0186584
0.0135441 0.0121067 0.0100299
0.208151 0.0199382 0.0152453
0.0920095 0.0429024 0.0220113
0.168902 0.0285631 0.021563
0.112884 0.0480201 0.0377623
0.150279 0.0304868 0.0264174
0.158131 0.0444524 0.051211
0.254887 0.0173568 0.0210771
0.105725 0.0114938 0.0174803
0.438947 0.0189752 0.0239771
0.238547 0.0390319 0.0528867
0.0796155 0.0118746 0.0151566
0.0269088 0.0588202 0.029014
0.192549 0.0479457 0.0191515
0.0385216 0.0100564 0.011106
0.0573604 0.00852757 0.020347
0.100502 0.0960796 0.0851317
0.152013 0.0123361 0.0103875
0.20068 0.0228967 0.0211805
0.19722 0.0339049 0.0390618
0.120007 0.0143318 0.0228525
0.0735406 0.0685385 0.0666952
0.0897065 0.0290387 0.017506
0.181323 0.0579757 0.0368393
0.0371139 0.0174998 0.024557
0.0636079 0.03985 0.0258057
0.0902082 0.0131254 0.0119642
0.107106 0.103393 0.0936019
0.0443742 0.0122822 0.0107081
0.255252 0.037044 0.0474456
0.226402 0.0239919 0.0224419
0.0939509 0.0301052 0.013751
CASE 100000
0.0724698 0.00819932 0.00759198
0.0616563 0.00715658 0.0110947
0.0377484 0.00886004 0.00595813
0.04342 0.00722681 0.00669762
0.0896738 0.0159148 0.0118219
0.0267439 0.018656 0.0196677
0.00640825 0.0138014 0.0105069
0.0674632 0.0097788 0.0113347
0.022792 0.014456 0.0171521
0.0310169 0.00504278 0.00893092
0.0137672 0.013204 0.0159186
0.0524163 0.00621662 0.00539915
0.0475866 0.0111154 0.0178745
0.0151433 0.00838477 0.00523654
0.0109188 0.00813565 0.00594847
0.06524 0.00527203 0.00591534
0.018461 0.00607795 0.00739728
0.0212874 0.0213309 0.0123385
0.0150705 0.00351255 0.00351259
0.054671 0.0275314 0.018863
0.0335591 0.00898657 0.00999002
0.030657 0.00774827 0.00395247
0.0280556 0.0050151 0.00569522
0.0380084 0.0161235 0.00952736
0.0169499 0.0234494 0.0283075
0.0338196 0.00901691 0.00691285
0.0941846 0.0103391 0.00611933
0.0427618 0.010161 0.00145167
0.031513 0.0101882 0.0125435
0.113464 0.0170891 0.0116971
0.0809506 0.0198273 0.0125062
0.0297026 0.0106697 0.00864585
0.0331768 0.0188201 0.0118571
0.104397 0.0188635 0.00909099
0.0563659 0.0126582 0.00575792
0.0746645 0.0121735 0.0141084
0.0134014 0.0100911 0.0116744
0.087842 0.00527435 0.0115797
0.014739 0.015031 0.00580776
0.0294588 0.0155652 0.00614221
0.0215333 0.0193568 0.0124948
0.0327709 0.0121488 0.0131788
0.0466082 0.0173237 0.0064233
0.0387594 0.0128524 0.00653942
0.0336025 0.00961251 0.00252421
0.037858 0.00421957 0.00837401
0.0278959 0.00908066 0.012159
0.0248278 0.0107553 0.0108885
0.0514285 0.0142086 0.00359835
0.0295462 0.00820171 0.00574357
0.046393 0.00815813 0.0121062
0.0128212 0.0105532 0.0140523
0.0193514 0.0249029 0.0285969
0.0116887 0.0124134 0.00442938
0.0376249 0.0131272 0.00354604
0.021822 0.00759085 0.00261269
0.0141462 0.00555394 0.00586398
0.0782908 0.00790811 0.00541267
0.0399437 0.0180431 0.00574498
0.0347487 0.0166829 0.0103841
0.0494189 0.0220551 0.0176719
0.0631039 0.0294494 0.0167185
0.065586 0.00934171 0.00175421
0.0165318 0.0277595 0.0190802
0.0465681 0.00379552 0.0100699
0.0358744 0.018972 0.0133308
0.0266447 0.0157186 0.0104889
0.0614634 0.0154649 0.0150259
0.0111024 0.0202235 0.0123206
0.0227453 0.00787331 0.00612483
0.0775624 0.0141189 0.00703667
0.070839 0.0138079 0.00733243
0.0293516 0.00808571 0.0106382
0.0288646 0.00930824 0.00168
0.0133657 0.00574312 0.0078819
0.00414335 0.012223 0.0133935
0.0220407 0.00894464 0.00235461
0.0556114 0.00596674 0.0039405
0.0177409 0.00834294 0.00288158
0.0493908 0.00308292 0.00925432
0.0169793 0.0169237 0.00898303
0.0547823 0.0241537 0.0142371
0.0578173 0.0258846 0.0267104
0.0296184 0.0148513 0.0141015
0.0486055 0.00535508 0.00746063
0.0499171 0.0126403 0.015619
0.0483229 0.00678484 0.00781862
0.0138398 0.0155204 0.00799081
0.080592 0.0125238 0.00667117
0.0444196 0.0112517 0.00423397
0.106588 0.00631297 0.00806918
0.05633 0.0196078 0.00993146
0.031652 0.013663 0.0138491
0.0736513 0.0126905 0.0171842
0.011192 0.0104554 0.00714902
0.0293715 0.0118177 0.00184366
0.061215 0.0214693 0.0225275
0.043492 0.0116094 0.00467406
0.0283726 0.021625 0.0134028
0.066788 0.00901549 0.00789482
0.140923 0.00862929 0.00354002
CASE 0
