CASE 500
0.646239 0.104874 0.107885
0.0943378 0.128303 0.108039
0.348804 0.0775419 0.0809247
0.36923 0.0686669 0.0697867
0.646227 0.114461 0.104728
0.20737 0.152257 0.144526
0.120991 0.186248 0.177845
0.0322864 0.0892553 0.0638291
0.352577 0.104578 0.1146
0.357133 0.0947335 0.098517
0.646249 0.226446 0.188064
0.646413 0.0968721 0.101578
0.359485 0.049845 0.0919237
0.357206 0.149342 0.13753
0.23198 0.211172 0.190627
0.646027 0.0512833 0.0401829
0.0633513 0.0647132 0.0568936
0.358096 0.150959 0.142617
0.0309104 0.251398 0.22517
0.646127 0.149316 0.145794
0.332376 0.104538 0.103687
0.333803 0.031727 0.0339272
0.229904 0.0786196 0.0652084
0.334148 0.106689 0.0907682
0.215039 0.0991992 0.0963581
0.350267 0.253351 0.230766
0.223209 0.314329 0.285556
0.0995507 0.183672 0.273298
0.319435 0.225385 0.188576
0.344379 0.0318154 0.0622818
0.241757 0.148161 0.144459
0.266535 0.116584 0.117751
0.348436 0.0177273 0.0733657
0.64633 0.0943307 0.0869913
0.646663 0.0722129 0.0706642
0.646116 0.128211 0.107944
0.330298 0.0380952 0.0236449
0.272289 0.148089 0.119026
0.646037 0.149661 0.108322
0.055997 0.0717188 0.0660875
0.126579 0.203103 0.191098
0.216964 0.216964 0.199115
0.223844 0.19131 0.28536
0.357122 0.0304749 0.0302545
0.0217905 0.0824451 0.0796122
0.646052 0.0857582 0.0742622
0.646577 0.0568975 0.0567171
0.235506 0.0493338 0.0604062
0.334134 0.259111 0.267185
0.202359 0.195207 0.177859
0.290512 0.0541898 0.0393287
0.646551 0.150023 0.148965
0.646709 0.105142 0.0974036
0.222323 0.0934 0.0935799
0.353773 0.0151013 0.0101041
0.196809 0.149733 0.143726
