CASE 100
0.507353 0.836901 0.423205
0.410727 1.17224 0.665773
0.367313 0.682617 0.297036
0.794363 0.804032 0.601329
0.537899 0.825823 0.491511
0.524373 0.381903 0.432103
0.713912 1.0721 0.54046
0.277141 0.698044 0.452669
0.574584 0.789315 0.420372
0.409908 0.679321 0.591577
1.58676 0.713401 0.317923
0.824627 0.723712 0.545986
0.825833 0.704135 0.698419
0.587189 0.7563 0.56413
0.475604 0.734713 0.648519
0.481031 0.831943 0.423989
1.59109 0.695729 0.387644
1.1278 0.503622 0.526504
0.505236 0.750756 0.462322
0.751191 0.962076 0.399759
0.325087 0.714526 0.534861
0.803652 1.07841 0.56467
0.500383 0.645364 0.518199
1.727 1.008 0.401256
1.60362 0.728159 0.468768
0.487487 0.652584 0.486742
1.72333 1.61464 0.598809
1.67562 1.59993 0.45252
0.613309 0.709874 0.572788
0.330329 0.661329 0.5018
0.291444 1.11047 0.659755
0.411478 0.812918 0.463423
1.20934 1.38232 0.591352
0.351389 0.710016 0.369307
1.58935 0.766591 0.532181
0.824865 1.01948 0.412222
0.619942 0.749773 0.418714
0.558246 0.798935 0.368553
0.386343 0.943324 0.636058
0.551076 0.691051 0.484805
0.525531 1.02788 0.424592
0.46084 0.737842 0.383732
0.806335 0.684594 0.492183
0.523756 0.651154 0.359446
0.554583 0.80311 0.594509
0.628383 0.714302 0.501673
0.624129 0.681717 0.551385
0.74434 0.803589 0.605558
1.61053 0.941028 0.450899
0.614798 0.666568 0.485365
1.60161 0.659614 0.273713
0.295808 0.665621 0.42558
0.787717 0.795821 0.565594
0.419297 0.811313 0.469915
0.374708 0.719305 0.454944
0.348331 0.652348 0.520141
0.516177 0.914921 0.389104
1.64778 0.666127 0.533862
1.57729 0.930623 0.495914
0.598966 0.718204 0.544753
1.66054 0.823328 0.52203
0.373469 0.653481 0.466788
0.663248 0.700738 0.418455
0.667011 0.865329 0.501132
1.57412 1.58971 0.654457
1.56711 0.661352 0.625715
1.57557 0.698157 0.410589
0.33101 0.690153 0.422005
0.286285 0.64521 0.399899
1.60864 0.692687 0.550453
0.86418 0.646203 0.421236
0.530134 1.01357 0.433074
0.571466 0.868452 0.470573
0.477889 0.834065 0.261701
0.338761 0.716622 0.646827
1.58584 0.934115 0.544706
1.57539 0.674007 0.439736
1.57461 0.726712 0.410356
0.664108 0.87494 0.628121
0.353682 0.687786 0.386847
0.257728 0.723851 0.479535
1.63298 0.811772 0.466121
0.774491 0.677787 0.576608
0.879669 0.857721 0.590858
0.424377 0.635775 0.401453
0.392052 0.747382 0.546311
0.581277 0.735193 0.387288
0.444712 0.675082 0.622997
0.682514 0.71207 0.563948
1.6022 0.641539 0.605961
1.57652 1.61089 0.60234
1.57677 0.898998 0.645553
0.432685 0.64119 0.641835
0.407264 0.923269 0.63031
0.677147 0.65275 0.574429
0.497467 0.647838 0.592056
0.884816 0.690265 0.592928
0.550092 0.720771 0.583894
0.391625 0.847625 0.393278
0.732022 0.777318 0.467073
1.02408 0.723314 0.494521
CASE 1000
0.385519 0.668422 0.360392
0.252702 0.206987 0.381306
0.0732293 0.633763 0.475982
0.255335 0.657592 0.380061
0.146143 0.653399 0.279463
1.56884 0.677841 0.420273
0.251879 0.227096 0.256988
0.196573 0.179286 0.350027
0.288587 0.251593 0.224081
0.399388 0.319555 0.211067
0.398273 0.34847 0.2581
0.2847 0.198015 0.353316
0.293736 0.655126 0.48272
0.220681 0.342595 0.368748
0.275696 0.31005 0.394503
0.369446 0.128823 0.204787
0.35404 0.179055 0.429041
0.297764 0.133987 0.302684
0.333986 0.744942 0.535449
0.332077 0.68137 0.568083
1.5654 0.694651 0.221902
0.926173 0.679678 0.563119
0.250224 0.670879 0.358159
0.274564 0.18911 0.263354
0.300334 0.217562 0.382428
0.341101 0.382083 0.151193
0.135214 0.379649 0.301484
0.260511 0.208847 0.231779
1.56563 0.625815 0.337856
0.312294 0.198123 0.410636
0.18662 0.382393 0.187828
0.165271 0.190338 0.152225
0.365861 0.425917 0.179263
0.23315 0.23136 0.374032
1.56501 1.57166 0.402843
1.57141 0.348632 0.419076
0.257171 0.348213 0.0438205
0.472948 0.629223 0.263834
1.5657 0.337122 0.175819
0.250783 0.781478 0.411632
0.153158 0.657961 0.37277
0.944745 0.665501 0.449455
0.31914 0.61657 0.180472
0.237984 0.162868 0.107836
0.237753 0.330078 0.450535
0.326995 0.710035 0.263321
1.56717 0.652327 0.416015
0.134979 0.633111 0.316453
0.292368 0.303802 0.449902
0.31905 0.471469 0.635779
0.234536 0.382798 0.143053
0.1371 1.56664 0.53123
0.603328 0.318887 0.467367
0.402123 0.629469 0.460268
0.264723 0.195966 0.311124
0.277644 0.65548 0.277275
0.280849 0.329989 0.30885
0.234767 0.210558 0.369722
1.56978 0.384425 0.283339
0.679346 0.708647 0.244152
0.294716 0.688764 0.328038
0.194175 1.56646 0.429827
0.325858 0.628598 0.257621
0.0834142 0.625039 0.341147
0.279115 0.64776 0.19226
0.627699 0.638515 0.418483
0.671405 0.338394 0.307927
0.327189 0.364649 0.278763
0.314628 0.701808 0.371922
0.591781 0.667544 0.349101
0.284294 0.73148 0.482178
0.284798 0.317966 0.262389
0.277412 0.616583 0.307244
0.234725 0.201631 0.456595
0.443475 0.235157 0.117058
0.130388 0.34173 0.210663
0.299365 0.139533 0.118628
0.348527 0.17412 0.239476
0.242972 0.650696 0.236067
1.56915 0.969942 0.543412
0.342379 0.374357 0.316229
0.296155 0.653631 0.607824
1.56573 0.623442 0.292843
0.277081 0.668152 0.316473
0.351092 0.702672 0.267476
0.393548 0.627064 0.251097
1.56728 0.64152 0.381204
0.638222 0.206715 0.35895
1.5693 0.36216 0.245741
0.0909957 1.56877 0.451345
0.249345 0.325534 0.346307
0.35733 0.183055 0.17117
0.224159 0.635248 0.260388
0.0743793 0.710618 0.302287
1.56793 0.701219 0.32304
0.657005 0.653243 0.478497
1.00641 0.95283 0.341967
0.276726 0.461342 0.206885
0.261331 1.57016 0.437766
0.176087 0.311445 0.246877
