CASE 100
7.79221 7.79221 0.278262
7.7972 7.7972 0.321479
5.50008 6.66314 0.636886
7.89486 7.89486 0.266561
7.67719 7.67719 0.377335
7.75344 7.55303 0.290406
7.67278 0.898341 0.129113
7.76722 7.76722 0.128953
7.71677 7.71677 0.269707
7.9197 7.9197 0.309327
7.76786 7.7512 0.159146
7.90648 7.90648 0.246921
7.89298 7.89298 0.256821
6.45071 7.29223 0.581674
7.80783 7.80783 0.137651
7.74862 7.74862 0.224809
7.89426 7.89426 0.284644
7.54052 7.54052 0.411067
7.86088 7.83502 0.269734
7.89007 7.89007 0.255871
7.62552 0.47697 0.453871
7.74818 6.77828 0.543981
7.78936 7.78936 0.253789
7.92882 7.92882 0.281681
5.5629 0.610255 0.491338
7.61542 7.61542 0.72394
7.94 7.94 0.301448
7.56429 7.56429 0.362795
7.61864 7.61864 0.175304
7.71764 7.52932 0.39568
7.77576 7.77576 0.161765
7.78438 7.78438 0.270205
7.66767 7.24874 0.308798
7.97182 7.97182 0.369288
7.8057 7.8057 0.187297
5.93064 6.02607 0.435449
7.61944 7.61944 0.294828
7.83407 6.82154 0.215691
7.8229 6.82637 0.249684
7.84035 7.64021 0.239924
7.84543 5.6364 0.0621232
0.477445 0.467056 0.265443
7.68695 7.58644 0.176523
7.92936 7.92936 0.20758
7.87093 7.75653 0.217269
7.66719 7.66719 0.102194
7.97956 6.91643 0.0304777
7.19823 7.19823 0.595568
0.508352 0.414619 0.27562
7.58944 7.44742 0.581887
7.82398 7.82398 0.250764
7.80897 7.80897 0.212201
7.71708 5.62557 0.258328
7.75871 5.60766 0.279357
7.77662 7.67074 0.21865
1.50068 1.0463 0.701366
7.55948 7.55948 0.316994
7.84972 7.3302 0.268395
7.73075 7.30552 0.290199
7.95316 7.95316 0.105563
7.79288 7.63841 0.267082
7.62786 7.62786 0.362868
7.56839 5.56867 0.144866
0.545406 0.545405 0.337607
7.77272 7.77272 0.233157
7.73025 7.73025 0.207534
7.29273 5.38588 0.713894
7.6994 6.85042 0.273338
7.87589 7.87589 0.246354
7.75522 7.30957 0.504684
7.33853 7.19467 0.535392
7.79232 7.79232 0.168406
7.72646 7.65773 0.372613
7.77279 7.67204 0.18729
7.59741 0.815486 0.417434
6.83604 0.343912 0.300068
7.68701 7.23576 0.240445
6.77003 7.534 0.160312
7.74257 7.74257 0.327611
7.24673 7.22761 0.170578
7.97097 7.97097 0.341196
7.51875 7.13876 0.277947
7.68535 0.46314 0.359072
7.99004 7.47853 0.030401
7.48521 7.48521 0.485723
7.75039 7.75039 0.432182
7.92813 7.92813 0.294376
7.96392 7.96392 0.340611
7.57796 6.78296 0.373762
7.8139 7.8139 0.237999
7.75127 5.58818 0.255631
0.993802 0.764096 0.704928
7.81287 1.09846 0.15767
1.75645 5.34285 0.360238
7.24207 2.38598 0.62705
7.59089 7.59089 0.655524
7.82147 7.82147 0.239897
7.7765 7.7765 0.132105
7.83727 7.83727 0.261712
7.94126 7.94126 0.269334
CASE 1000
7.67917 5.49372 0.392051
0.231028 0.177212 0.188259
0.377559 0.375949 0.317929
7.8566 7.8566 0.218999
7.28671 6.86271 0.810671
2.35749 1.07056 0.549539
7.76736 7.76736 0.33386
7.81679 5.53897 0.229542
7.85664 7.85664 0.293679
7.45891 7.45891 0.634052
5.578 0.240118 0.205891
1.0413 0.58013 0.812988
0.213603 0.194438 0.197039
0.876464 0.7563 0.702905
1.52665 0.651511 0.494179
7.56578 7.56578 0.389727
0.608794 0.591421 0.50262
0.488271 0.385075 0.418507
5.60908 0.101287 0.101203
7.84095 7.36068 0.23647
5.595 0.399397 0.202812
7.86884 0.343221 0.193659
7.94879 7.70169 0.226814
0.259225 0.259225 0.604232
0.197334 0.17464 0.194618
0.97403 0.744341 0.609471
5.46284 0.472896 0.388557
0.505716 0.396987 0.371799
1.2919 0.762305 0.92755
7.90287 7.90287 0.159586
0.445945 0.558191 0.490416
2.14779 0.499408 0.420145
7.97861 7.97861 0.34899
0.143263 0.143263 0.173186
0.270388 0.280237 0.277502
5.51876 0.388515 0.34882
7.87693 7.64371 0.166904
7.77094 7.77094 0.401539
7.78482 0.410499 0.308648
0.645695 0.341163 0.293952
7.97811 7.97811 0.0550293
7.54282 7.54282 0.4848
7.78763 7.67286 0.259831
7.26517 0.240896 0.185838
7.95987 7.46128 0.299909
2.2521 5.11927 0.455877
7.7778 0.312749 0.184362
3.63143 0.200328 0.280526
7.90609 6.91773 0.11788
1.3418 0.633712 0.491204
6.65724 7.57697 0.377354
2.25612 1.16335 1.15219
5.62209 0.191032 0.23759
7.67907 7.67907 0.130368
5.56975 0.507385 0.278953
3.75101 0.249764 0.215362
7.99738 7.99738 0.0511677
6.8378 0.665628 0.192861
0.249336 0.202058 0.202058
7.77814 7.77814 0.199827
7.56672 1.90567 0.24338
7.60318 5.50861 0.449921
7.99653 7.99653 0.00633201
7.81188 7.81188 0.216977
7.26173 1.37217 1.08035
0.364553 5.54156 0.110419
0.35384 0.328088 0.223706
7.73572 7.24116 0.493555
0.468231 0.375176 0.595831
0.545778 0.442062 0.338967
7.86878 7.4106 0.223946
6.60826 0.575624 0.315252
0.831456 0.386149 0.626295
7.77773 7.31572 0.171002
3.85542 0.306547 0.319222
0.482335 0.399046 0.188331
0.73952 0.650878 0.416973
7.905 7.905 0.257568
7.64784 7.64784 0.502701
7.91455 7.91455 0.138402
0.621701 0.577732 0.569753
0.563465 0.563464 0.563481
6.68137 0.384814 0.402816
7.91841 7.73287 0.054165
7.98342 7.98342 0.338572
0.961507 0.454784 0.640386
7.7602 5.61778 0.234608
7.88781 7.88781 0.24263
7.946 0.105605 0.0902349
0.682108 0.203421 0.249729
7.81233 5.60351 0.264941
7.82875 7.82875 0.299272
0.378255 0.349461 0.384429
6.81909 7.76323 0.315932
1.12825 0.788309 0.498722
0.780022 1.03789 0.581938
7.50726 5.51956 0.348712
0.262202 0.275289 0.286292
7.82385 6.91942 0.318656
7.92579 7.70797 0.216245
CASE 10000
0.279977 0.307178 0.417392
0.157597 0.16118 0.16118
0.250779 0.218918 0.203072
0.352576 0.271468 0.276694
0.293446 0.293446 0.26142
0.693059 0.339371 0.339371
0.569681 0.491864 0.394776
0.242882 0.214468 0.279368
0.455267 1.52862 0.193519
0.351881 0.158166 0.191511
0.421601 0.317645 0.317645
0.154532 0.224424 0.334199
0.376553 0.218171 0.246083
0.247942 6.86133 0.213121
7.98188 7.73134 0.0329841
0.285802 0.461125 0.373891
0.743274 0.333138 0.234014
0.295127 0.294266 0.208199
7.86533 7.86533 0.253678
0.211062 0.233366 0.233676
0.322141 0.279831 0.264393
1.28725 0.214636 0.346719
0.505333 0.534979 0.444531
7.88112 0.212353 0.203954
0.242184 0.228309 0.228965
0.299246 0.636083 0.25877
0.513333 0.513333 0.479321
7.95101 7.95101 0.084241
0.575056 0.575056 0.437205
6.73657 0.468396 0.39395
0.178126 0.170062 0.171823
7.70072 0.228649 0.228649
7.93894 0.131222 0.0926504
7.89331 7.40928 0.163603
0.129477 0.099773 0.129498
0.304553 0.304553 0.161781
0.210244 0.223852 0.214628
0.218021 0.200563 0.200563
0.0267635 0.0267094 0.0267098
3.71324 0.505058 0.341962
0.232679 0.232679 0.184489
0.339106 0.339106 0.321136
0.296124 0.699859 0.149284
0.650683 0.301129 0.206822
0.292694 0.202277 0.196844
0.329742 0.510982 0.465712
0.670074 1.12037 0.178066
0.420545 0.311134 0.304026
0.193787 0.367675 0.37654
0.519627 0.460893 0.379709
0.48787 0.386264 0.252665
0.725858 0.725858 0.448969
0.225534 0.360279 0.382736
0.405288 0.371533 0.43531
0.362584 0.229603 0.194661
0.259247 0.25513 0.179667
0.229477 0.219995 0.183524
7.96159 7.84368 0.063099
6.91886 6.91886 0.23931
5.51596 0.284691 0.325023
0.0422286 0.190879 0.0396134
7.84372 7.84372 0.13491
0.393425 0.0528704 0.0522094
0.542554 0.234759 0.341137
0.702669 0.769228 0.582686
7.92457 7.89608 0.151799
1.87408 0.285975 0.325156
0.602429 0.736042 0.388674
0.276672 0.282393 0.272917
7.98943 7.98881 0.0228475
0.636018 0.640254 0.494865
0.26308 0.258484 0.236186
7.97938 7.97938 0.0556137
0.383223 0.371999 0.371999
7.81902 0.935941 0.185325
0.199431 0.180717 0.173079
0.246153 0.252346 0.206727
7.55569 0.555114 0.306978
0.675681 0.603377 0.526606
0.32608 1.27812 0.220543
0.173691 0.137396 0.228627
0.423639 0.423959 0.426304
0.757078 0.26135 0.270083
0.452928 0.387616 0.256232
1.90727 1.57633 0.702654
5.55869 0.214456 0.192825
0.266851 0.216761 0.227426
0.542161 0.257075 0.351182
0.338458 0.338458 0.306929
0.421592 0.309664 0.421615
0.281315 0.268289 0.311689
7.85535 7.85535 0.180863
0.189857 0.179482 0.211871
7.97022 7.97022 0.309348
0.306117 0.413457 0.191489
0.993419 0.455503 0.415133
0.66182 0.50385 0.464741
0.361206 0.365112 0.330039
7.92576 0.155779 0.0928237
7.90531 0.315241 0.145094
CASE 100000
0.570812 0.330797 0.29396
5.5548 0.354939 0.184207
0.376712 0.0564752 0.0419841
0.436982 0.421105 0.471755
0.131163 0.143973 0.143973
0.254942 0.256089 0.256089
0.275568 0.226049 0.221068
0.117753 0.153947 0.153947
0.244359 0.266219 0.401222
0.380366 0.595829 0.458575
0.83954 0.469547 0.353112
1.05955 0.190706 0.185364
0.140512 0.159968 0.163109
0.0876614 0.0876614 0.0876614
0.303888 0.288758 0.288758
0.154964 0.112615 0.112615
0.077705 0.077705 0.0508261
0.11651 0.119213 0.122138
0.320879 0.289836 0.140271
0.155282 0.180867 0.173004
0.31272 0.253968 0.253968
0.279903 0.211325 0.189728
0.256207 0.197833 0.193529
0.29321 0.295402 0.291775
7.97718 0.0560065 0.0430463
0.283136 0.238032 0.178192
0.12886 0.12886 0.140397
0.573813 0.329864 0.403432
0.355289 0.683907 0.359457
0.13981 0.133073 0.130653
0.1973 0.203574 0.203574
0.0651157 0.0619025 0.0525158
0.467328 0.435858 0.462619
0.280119 0.289051 0.304729
0.181192 0.182287 0.182287
0.214377 0.158684 0.158684
0.262444 0.568746 0.335579
0.266133 0.266133 0.279297
0.203203 0.202669 0.202669
0.186851 0.180848 0.191493
0.138432 0.142064 0.146005
0.194817 0.194817 0.298758
0.14154 0.155987 0.155987
0.376932 0.341255 0.278449
0.429318 0.413452 0.428512
0.256829 0.0714005 0.124386
1.2492 0.189707 0.205807
0.139136 0.139136 0.148147
0.206763 0.206763 0.234436
0.330582 0.153865 0.121972
0.0242582 0.0242582 0.0242384
0.500765 0.471326 0.483971
1.62795 0.108697 0.111928
0.896753 0.140014 0.160081
4.15378 4.15378 0.239719
0.306356 0.235043 0.249683
0.393528 0.394654 0.396709
0.256514 0.270678 0.267517
0.598641 0.336962 0.277567
0.265335 0.18427 0.156809
0.163532 0.185892 0.185892
0.368736 0.283366 0.211307
0.428195 0.545856 0.372294
0.112965 0.116188 0.119495
0.395815 0.289853 0.0779521
0.677307 0.677307 0.950815
0.1068 0.102752 0.104473
0.187375 0.187375 0.205117
0.9404 0.663394 0.307639
0.416683 0.416683 0.417457
0.380215 0.347101 0.358397
0.145764 0.151553 0.152024
0.375242 0.34172 0.34172
0.282084 0.344992 0.327839
7.91986 0.0991635 0.0990063
0.385296 0.343068 0.359894
0.407365 0.547435 0.121587
0.37948 0.166818 0.4205
0.365791 0.358725 0.358725
0.0856278 0.0856278 0.0842588
0.266696 0.266696 0.277647
0.553743 0.504401 0.154718
0.180145 0.180145 0.189444
0.456706 0.366665 0.320964
0.434059 0.361808 0.361808
0.236292 0.13195 0.13195
0.210762 0.244574 0.233047
0.212234 0.162613 0.164338
5.60463 5.60463 0.211994
0.54024 0.534815 0.440539
0.550481 0.550481 0.268805
0.116804 0.112321 0.112321
0.249794 0.246433 0.245541
0.184108 0.154688 0.154688
0.157514 0.204583 0.219148
0.0920241 0.0918502 0.0906071
0.437702 0.421242 0.421242
0.117818 0.100379 0.107223
5.2839 0.185296 0.244596
0.221213 0.248742 0.248742
CASE 0
