CASE 100
0.0238777 0.0554362 0.0217915
0.0121377 0.00329373 0.0186377
0.0161065 0.0333953 0.0746159
0.0363625 0.0253957 0.0139613
0.0205467 0.0266061 0.0344633
0.00305577 0.00471454 0.0311687
0.0284196 0.0267951 0.0257831
0.003235 0.00777089 0.0440254
0.0158222 0.0635069 0.0643416
0.011195 0.0393957 0.0577366
0.0156047 0.00656437 0.0420586
0.0146043 0.0349395 0.0165486
0.0065107 0.0669347 0.0591
0.0281379 0.0417034 0.0256843
0.00278288 0.0111815 0.0180722
0.0429382 0.0177073 0.0315624
0.00273729 0.00975955 0.0409032
0.0577675 0.0690561 0.0649322
0.00105247 0.00356786 0.0333556
0.00671154 0.010547 0.0287104
0.0105022 0.00434278 0.0183775
0.00454519 0.0363843 0.0170092
0.0362463 0.0233559 0.0403949
0.0036107 0.0411855 0.0414578
0.0105499 0.0244211 0.0525422
0.0162962 0.0528122 0.0335339
0.0406633 0.0277269 0.0189798
0.0156772 0.00308911 0.0096955
0.0235022 0.0131028 0.0211466
0.0322506 0.00932864 0.0226464
0.0249899 0.0241993 0.0295736
0.0418328 0.0239389 0.0121274
0.0422188 0.0598259 0.0435918
0.0197935 0.0089938 0.0238882
0.00794329 0.0276149 0.0396943
0.0114829 0.00477139 0.0175337
0.0249866 0.0229385 0.0404888
0.015884 0.00653425 0.0402458
0.00209165 0.0259573 0.0438175
0.0139111 0.0661061 0.0175868
0.00898285 0.0233645 0.0454942
0.0184134 0.0320169 0.0379758
0.0376807 0.0715374 0.0564856
0.0119912 0.0924923 0.0768381
0.0473107 0.0332926 0.0171521
0.0218776 0.0129152 0.0104035
0.03715 0.026923 0.042604
0.0048021 0.00401906 0.0223821
0.0189772 0.0180532 0.0539961
0.0113793 0.00813225 0.0206223
0.0132745 0.0841898 0.0246685
0.0060662 0.0165561 0.0193984
0.0114796 0.0167758 0.00913479
0.0219922 0.0106271 0.0469709
0.0254664 0.101935 0.0637697
0.00805998 0.0152838 0.0483785
0.0426585 0.065866 0.0317195
0.0131527 0.0286274 0.0678992
0.0332927 0.0543626 0.0343048
0.0582454 0.0354076 0.0465734
0.0527205 0.0449714 0.0460391
0.0384386 0.0589555 0.0630339
0.0583012 0.0476784 0.0513203
0.00981852 0.0262956 0.0374594
0.0183947 0.00450299 0.0389495
0.0134127 0.00759447 0.015918
0.0179378 0.0184177 0.0213885
0.0253348 0.0290746 0.0165924
0.015386 0.0104108 0.0212232
0.00762752 0.0207729 0.0209188
0.033407 0.024214 0.028247
0.00097499 0.00591698 0.0306965
0.021687 0.0324925 0.0491465
0.026381 0.0146194 0.062871
0.0251819 0.0305091 0.0412108
0.0298182 0.00258159 0.0223626
0.00802994 0.010574 0.06113
0.0590345 0.0104701 0.0246227
0.023973 0.00891011 0.0272052
0.015731 0.00484235 0.0137208
0.0118887 0.059154 0.0512626
0.0333969 0.0773229 0.0459278
0.0152723 0.0444146 0.0205119
0.0487794 0.0336104 0.0485126
0.0445399 0.0756441 0.0723225
0.0485935 0.0248415 0.092962
0.00906555 0.00813532 0.0205646
0.022246 0.00892097 0.0442911
0.0463806 0.0519121 0.0374139
0.0175049 0.0151254 0.0279899
0.0116586 0.00556087 0.071783
0.0122811 0.00675138 0.059312
0.0233375 0.0107341 0.0907817
0.0118944 0.0121778 0.0502344
0.0801959 0.01823 0.0526711
0.0210153 0.0162931 0.054262
0.0165113 0.0317662 0.0486209
0.00411554 0.0136105 0.0385547
0.0206063 0.00828911 0.0510083
0.0234897 0.0408457 0.0184481
0.00553388 0.00406541 0.0089653
CASE 1000
0.000529741 0.000196518 0.0190883
0.000670053 0.00185251 0.0249706
0.000852307 0.00280359 0.0387774
0.00340902 0.00370427 0.0219764
0.0025529 0.00977796 0.0193332
0.000764646 0.00290037 0.0152593
0.00128921 0.00929375 0.0206395
0.00169013 0.000621426 0.0115384
0.00983465 0.00277551 0.0131322
0.00401824 0.00239411 0.00389205
0.00204104 0.00488345 0.0103526
0.00922133 0.00397147 0.0105608
0.00760193 0.00431002 0.0297787
0.0011503 0.00568206 0.0365331
0.00944543 0.00384563 0.0103204
0.00123238 0.00649109 0.00889103
0.00125104 0.000729795 0.0187126
0.00220223 0.00246631 0.00155129
0.00345437 0.00177719 0.00821072
0.000880597 0.000910003 0.0401761
0.00147119 0.000481966 0.020643
0.00213392 0.00211485 0.00675169
0.000796547 0.00406056 0.00816688
0.00235267 0.00248754 0.0179943
0.00101028 0.000441088 0.0101153
0.00249389 0.00385967 0.00783665
0.00811584 0.00524356 0.00276451
0.000799162 0.00267002 0.00921133
0.00146008 0.00223737 0.00573392
0.00726704 0.00256738 0.00960965
0.00338462 0.00749156 0.0303496
0.0106822 0.00245234 0.0220071
0.00309429 0.0028637 0.0159013
0.00131911 0.00759458 0.00237022
0.000519941 0.000420468 0.0124064
0.00966625 0.00350409 0.00933858
0.0030037 0.00457258 0.0050509
0.00362979 0.00253565 0.0138665
0.000191238 0.00159892 0.0137793
0.00308448 0.00132501 0.00684452
0.00114002 0.00405055 0.0248128
0.000878512 0.00156865 0.000734149
0.00270708 0.00104559 0.0113239
0.00822042 0.00195348 0.0252471
0.00167682 0.00130188 0.00351964
0.00369189 0.000834297 0.0442114
0.000561897 0.00114537 0.00279247
0.00344853 0.0033449 0.023474
0.00422164 0.000881523 0.00400862
0.00321221 0.000438733 0.0171025
0.000708069 0.00126087 0.0184737
0.00059644 0.00100118 0.00526669
0.000425092 0.00211067 0.0123373
0.00386896 0.000761759 0.0189686
0.000489357 0.00240735 0.0053751
0.0117378 0.000444678 0.00654142
0.0020631 0.0022051 0.0114969
0.00264753 0.00716884 0.00303409
0.00159707 0.00260383 0.0250897
0.00680179 0.000885361 0.0192659
0.000497865 0.00249591 0.00297438
0.00218812 0.00185375 0.00213951
0.000794274 0.00177096 0.00719309
0.000316767 0.00442222 0.00829805
0.0122353 0.00216006 0.00807262
0.00357267 0.00330258 0.00660403
0.00204963 0.00117192 0.0300098
0.00551405 0.00769504 0.0027634
0.00561294 0.00245405 0.00978096
0.00192174 0.00172808 0.00791187
0.00222272 0.000376827 0.00932453
0.000986847 0.00253885 0.00124577
0.00998956 0.00209233 0.0275033
0.00113464 0.00176026 0.00933853
0.0069526 0.009577 0.0288018
0.000660105 0.0031872 0.00200694
0.000896814 0.0090307 0.0113525
0.00102515 0.00273739 0.00975575
0.00128311 0.00140192 0.0167614
0.000862125 0.00166735 0.017614
0.000514179 0.00204716 0.0119407
0.00161789 0.00445683 0.00131358
0.000803958 0.00247521 0.0147726
0.00186236 0.00188039 0.027974
0.000518619 0.00447845 0.0151236
0.00197573 0.0050325 0.0150252
0.000354257 0.00950264 0.0434773
0.00380925 0.00219603 0.0087296
0.0101436 0.00195837 0.0160192
0.00248441 0.00106244 0.0245372
0.00627094 0.00305779 0.00275547
0.0111015 0.00264664 0.00447544
0.00908515 0.00110822 0.0151832
0.00328886 0.00416851 0.0273942
0.00366085 0.00371039 0.0086467
0.000722882 0.00338927 0.00725396
0.00118021 0.00192823 0.0184932
0.00103758 0.00526114 0.026025
0.00107429 0.00225769 0.0011073
0.00207025 0.00516604 0.0175353
0.00929224 0.0106746 0.0100554
CASE 10000
5.30558e-05 0.000411566 0.00272246
6.61512e-05 0.000233434 0.0060943
0.000272185 0.000144497 0.0015728
8.96703e-05 0.000511274 0.00223194
0.00044141 0.000322761 0.00270837
0.000115403 0.00125944 0.000991698
0.000128212 0.000377371 0.00708797
0.00119357 0.00103824 0.00336559
0.000109374 0.000240666 0.00497844
0.000234558 0.000312501 0.00112594
8.56279e-05 0.000171101 0.0279264
0.00026427 0.000130504 0.000144689
7.29309e-05 0.000219791 0.00055582
0.000181777 0.000109606 0.00327594
7.13749e-05 0.000130047 0.00300794
0.000144563 0.000355478 0.00280583
7.29832e-05 0.000292137 0.00238724
0.000425329 0.000370629 0.00241987
0.000217754 0.000294715 0.00348251
0.000101516 0.000216901 0.0270896
0.000171239 0.000619991 0.00250692
0.000361778 0.00049973 0.00276013
6.38383e-05 0.000275879 0.0117407
0.000128314 0.000683547 0.000994072
0.000125483 0.000846662 0.000570743
0.000194244 0.00043427 0.00487205
0.000133965 0.000468748 0.00325762
0.000175176 0.000472799 0.00277291
0.000360193 0.000529548 0.00194839
0.000511393 0.000464941 0.004961
0.000323911 0.00027249 0.00064644
0.000249357 0.000142184 0.00194567
0.000122267 0.000752291 0.0180051
7.38327e-05 0.000923296 0.00255587
0.00017187 0.000395177 0.00183153
0.000205589 6.3894e-05 0.00209303
8.41598e-05 0.000376954 0.000581096
0.000514619 0.000453528 0.000597926
0.000219405 0.000352435 0.00857761
0.00029442 0.000131728 0.00526474
0.000404967 0.000158983 0.00205559
0.000303988 0.000266142 0.00271288
9.88328e-05 0.000270025 0.000584663
0.000122093 0.000661473 0.000951396
7.96597e-05 7.56063e-05 0.00159417
0.000230436 0.000211333 0.000530711
0.000127649 0.000605945 0.00304288
0.000133908 7.75367e-05 0.00138986
0.000377424 0.000544706 0.0110045
0.00020386 0.000393107 0.00427611
0.000240999 0.000259746 0.000651415
0.000157459 0.000304142 0.00811386
0.000296665 0.000147014 0.00263962
0.000233472 0.00071404 0.00219927
0.000154909 0.000178924 0.00221813
5.64621e-05 0.000227662 0.000903967
0.000452185 0.000193387 0.00407133
8.02668e-05 0.000871778 0.00720568
3.0716e-05 0.000979408 0.00170992
5.94764e-05 0.000219956 0.00105976
0.000199182 0.000841047 0.00295575
0.000224455 0.000314475 0.00117443
0.000525563 0.000336408 0.000447645
0.000221642 0.00065549 0.0200961
0.000212647 0.000424817 0.00208035
0.000586172 0.000887977 0.00187566
0.000494653 0.000463839 0.00258882
0.000433382 0.000487754 0.00425467
0.000453053 7.61129e-05 0.000306428
3.76273e-05 0.00116795 0.00709041
0.000151449 0.000156556 0.00466246
0.000498078 0.000306407 0.00273663
1.61335e-05 0.000286978 0.000276252
0.00020335 0.000252619 0.000742249
0.000506727 0.000636993 0.00578602
0.000537081 0.000295107 0.00277488
0.000407643 0.000446178 0.00241555
0.000575019 0.0012053 0.00854353
0.000456303 0.000433388 0.000850796
0.000126039 0.00031138 0.00317133
3.19024e-05 0.000281187 0.00321984
0.000329498 0.000661468 0.00731204
0.000143861 0.000975087 0.00049921
2.37333e-05 0.000394835 0.00411751
0.00028515 0.000240662 0.00238564
0.000130442 0.00018385 0.00124364
0.000131089 7.15093e-05 0.00284481
0.000598907 0.000673921 0.00408497
0.000140199 0.000510928 0.00216004
0.000655449 0.000438921 0.00189164
0.00012863 0.00083914 0.00343203
0.00013911 0.000445493 0.000902025
0.000635835 0.000793159 0.0117133
0.000133306 0.000709165 0.00102501
0.000244596 0.000344153 0.00325359
9.5381e-05 0.000265786 0.000253066
0.000185366 0.000396003 0.00300076
4.39811e-05 9.17914e-05 8.8418e-05
0.000206339 0.000347918 0.00103519
0.000473684 0.000635096 0.00451396
0.000328836 0.000303595 0.00373789
CASE 100000
1.93684e-05 0.00012547 0.000742417
2.58256e-05 0.000197877 0.000277995
6.95402e-05 0.000158763 0.000348702
1.83318e-05 0.00010988 0.000165695
6.60412e-05 0.000118645 1.85637e-05
1.41708e-05 8.73706e-05 0.00155237
5.43756e-05 0.000246776 0.000587991
4.31324e-05 0.000196751 0.000853809
6.33865e-06 0.000209174 0.000514244
7.04589e-05 0.000208353 0.000360835
2.50455e-05 0.000224849 0.000734117
5.29222e-05 0.0001146 0.000491758
3.30583e-05 0.000201546 0.000502682
4.98376e-05 0.000136273 0.000545557
1.0434e-06 0.000226431 0.000552409
2.38096e-06 7.12009e-05 0.000834219
2.49832e-05 0.000106601 0.00137843
1.8879e-05 9.18835e-05 0.000420168
4.61146e-05 0.000150012 4.11205e-05
1.84833e-05 8.35793e-05 0.000469651
1.41081e-05 7.80485e-05 0.000229634
4.95714e-06 0.000126439 0.000191605
2.01926e-05 0.000197031 9.85137e-05
6.89092e-05 0.000150172 8.09095e-05
1.43996e-05 0.000129916 0.000286434
1.99961e-05 0.000118647 0.000307871
3.51614e-05 0.000139243 0.000157048
8.66253e-05 0.000104199 0.000246308
2.53509e-05 0.000216525 0.00074712
5.95382e-05 6.8728e-05 0.000740819
7.37854e-06 0.000178453 0.000509066
7.34148e-06 0.000158928 8.39795e-05
0.000116248 9.38635e-05 0.000665387
2.12303e-05 0.000222973 0.000437814
1.57019e-05 0.000159785 0.000210414
2.42061e-05 0.000241079 0.000130384
8.397e-06 0.000134406 0.000779448
1.43572e-05 7.17971e-05 0.000367484
2.97015e-05 0.000270194 1.45699e-05
1.80023e-05 0.000126653 0.000244937
8.41594e-05 0.000184433 0.000698039
2.51631e-05 5.71702e-05 0.000338064
7.93751e-05 0.00011158 0.000321056
7.40546e-06 0.00016571 0.000507713
2.26516e-05 0.000106252 0.000142957
2.14403e-05 0.000103842 0.000621021
1.45847e-05 0.000180994 0.000238554
3.88176e-05 9.42284e-05 6.47754e-05
2.65472e-05 0.000167273 0.0019632
2.01652e-05 8.74044e-05 0.000182526
2.50899e-05 0.000103068 0.000570657
3.09696e-05 0.000266385 0.000745761
7.30176e-05 0.000115465 9.88902e-05
3.70292e-05 0.000101409 0.000137881
4.72779e-05 0.000197626 0.000593522
2.9974e-05 9.90006e-05 0.000311047
1.27414e-05 9.30813e-05 0.000304243
2.93454e-05 9.92534e-05 0.00196806
1.65996e-05 0.000148807 0.00116424
1.8829e-05 6.12019e-05 0.000145073
2.33314e-05 0.000129944 0.000170278
3.47668e-06 5.28338e-05 0.000239849
1.93841e-05 0.000121838 0.00100201
1.50643e-05 0.00011351 0.00033189
9.49156e-06 0.000105312 5.9097e-05
3.93795e-05 0.000151966 0.000321777
2.13853e-05 0.000173772 0.000494311
1.69344e-05 0.000275979 0.000287046
2.09695e-05 0.000114305 0.000506834
9.4461e-07 0.000191126 0.000258299
6.6198e-06 0.000121719 0.000537661
3.7751e-05 0.000139919 0.00033226
2.20244e-05 9.32967e-05 0.000794034
3.39891e-05 0.000125444 0.000516653
1.51252e-05 0.000140931 0.000454514
1.9348e-05 0.000279244 0.000116586
6.78414e-05 0.000128828 4.92331e-05
7.58864e-06 9.50009e-05 0.00035708
9.0709e-06 0.000175376 0.000448672
1.54409e-06 0.000108197 0.000495244
1.94928e-05 0.0002061 0.000103521
1.93967e-05 0.000276936 0.000806206
1.69795e-05 0.000191075 0.000236661
7.79491e-06 0.000221145 0.00110263
2.28639e-05 9.23287e-05 0.000287419
2.09407e-05 0.000118834 6.19282e-05
2.85389e-05 0.000225355 0.000322622
1.12512e-05 0.000152524 0.000299752
4.82114e-05 0.000126488 0.000156184
2.33293e-05 0.000229231 0.000448372
1.45448e-05 8.80065e-05 0.000737559
1.92038e-05 0.000231645 0.000485657
1.31627e-05 0.000385854 0.000498444
3.60367e-05 0.000216422 0.000266908
2.40363e-05 0.000108886 0.000457134
0.000139836 0.000117137 0.00190329
2.41729e-05 0.000151497 0.000346719
4.39231e-06 0.000197282 0.000696499
1.41857e-05 9.45961e-05 0.000204312
3.63635e-05 0.000125797 0.000134528
3.04072e-05 8.61648e-05 0.000580323
CASE 0
