CASE 500
0.329738 0.62156 0.386319
0.353224 0.389888 0.222598
1.56683 0.630998 0.395991
0.338669 0.641442 0.539392
0.2872 0.349317 0.38744
1.56579 0.630864 0.291827
1.57376 0.716028 0.434271
1.56746 0.651417 0.526737
0.399437 0.627936 0.373394
1.59248 0.681997 0.352435
0.445361 0.349775 0.680992
0.323078 0.686599 0.437076
0.32456 0.69488 0.268371
0.243399 0.48989 0.518919
0.365828 0.723644 0.43072
0.242924 0.648938 0.354467
1.5702 0.339529 0.211734
0.408647 0.659751 0.482205
0.240887 0.692313 0.410148
1.56783 0.749958 0.39405
0.265435 0.733702 0.273961
0.255619 0.731542 0.246269
0.290082 0.443035 0.376539
1.57569 0.670203 0.433857
0.970994 1.01017 0.359959
1.5776 0.665902 0.42496
1.56821 0.718744 0.455192
0.305605 0.459963 0.492621
0.461477 0.684292 0.37222
0.299454 0.657401 0.398599
0.276577 0.671883 0.409569
1.5807 1.56963 0.4494
0.283123 0.36247 0.312586
0.469977 0.347381 0.3731
0.328398 0.279184 0.330339
0.499838 0.668365 0.352137
0.283268 1.56771 0.52258
0.266864 0.392224 0.189629
0.437371 0.198214 0.32627
0.948767 0.964738 0.528905
0.362001 0.45365 0.448374
0.44842 0.706755 0.409306
1.58059 0.778247 0.41104
1.56799 0.629001 0.369204
0.279414 1.56618 0.338405
0.25248 0.249643 0.333463
0.37737 0.93833 0.424864
0.335462 0.35856 0.163913
0.314778 0.438377 0.486952
0.45748 1.57164 0.525844
0.358826 0.339963 0.114613
0.264227 0.315362 0.315983
0.317333 0.433138 0.381486
0.277437 0.656547 0.284122
0.387353 0.328276 0.406238
0.253379 0.672317 0.408702
0.662993 1.57494 0.629664
0.308976 0.693749 0.573474
0.277602 0.389435 0.304997
0.659884 0.67335 0.456665
1.56952 0.668399 0.510778
1.56544 0.76427 0.324323
0.359025 0.656186 0.413081
1.57329 0.746054 0.404898
0.260591 0.68554 0.34003
1.57185 0.650403 0.404665
0.381777 0.668644 0.364136
1.57295 0.644318 0.36194
0.441813 0.662746 0.312604
1.56605 0.621913 0.39706
0.271175 0.69085 0.357578
0.277743 0.753836 0.349812
0.337194 0.623694 0.561877
1.57007 0.654984 0.49196
0.264007 0.678075 0.218761
0.52447 0.695863 0.174277
1.59321 0.674801 0.362936
1.56708 0.784602 0.314465
0.399426 0.341606 0.420415
0.170947 0.409655 0.277801
0.249798 0.412496 0.301488
0.247919 0.662488 0.630813
0.249367 0.335389 0.472711
1.57073 0.620733 0.333356
0.325083 0.639513 0.427851
1.56605 0.714451 0.328526
0.524261 0.455567 0.208733
0.267449 0.326445 0.327286
0.289568 0.377343 0.382576
0.373731 0.642854 0.361112
0.328707 0.651416 0.28485
0.520995 0.735319 0.445981
0.36922 0.329692 0.316132
1.56798 0.86051 0.532214
1.5695 0.641644 0.549122
1.56519 0.679217 0.356227
0.969328 0.680866 0.527243
0.328752 0.688056 0.327393
0.289142 0.333811 0.344778
0.302447 0.382791 0.408909
0.461385 0.362854 0.564993
CASE 1000
0.269568 0.724509 0.167671
0.322824 0.663442 0.253778
0.20846 0.393603 0.413733
0.24336 0.948128 0.329353
0.180875 0.232011 0.193471
0.278113 0.687353 0.548528
0.160284 0.231156 0.399064
0.285423 0.631024 0.260407
0.136272 0.371667 0.163522
0.359921 0.672948 0.648621
0.247872 0.192487 0.319824
0.23846 0.698758 0.152826
0.19952 0.215141 0.255433
0.262947 0.190531 0.317451
0.238131 0.480755 0.245653
0.25512 0.285572 0.409081
0.250695 0.348309 0.372934
0.251079 0.631835 0.179892
0.276929 0.371842 0.255766
0.276019 0.263915 0.299129
0.264047 0.24047 0.478833
0.239642 0.128465 0.401238
0.397576 0.357375 0.506246
0.283339 0.347098 0.373497
0.328004 0.0525102 0.286262
1.56989 0.208245 0.0390106
0.265635 0.380207 0.609562
1.57283 0.713844 0.245448
0.16282 0.124771 0.414997
0.75849 0.43755 0.355398
0.255643 0.643215 0.461817
0.280123 0.48751 0.469157
0.295227 0.677278 0.538552
0.0691985 0.709461 0.357963
0.271631 0.221621 0.264325
1.56531 0.632805 0.238696
0.254752 0.685194 0.568096
0.0820464 0.219995 0.373912
0.204266 0.277205 0.29381
0.32651 0.358448 0.490969
0.286965 0.340668 0.201719
0.1223 0.634895 0.498729
0.107814 0.625607 0.431008
1.56522 0.413687 0.338777
1.56611 0.166267 0.306455
0.260258 0.230955 0.340012
0.298355 0.217818 0.244489
0.228073 1.56594 0.354349
0.26072 0.228656 0.366809
0.311881 0.656947 0.531156
0.289634 0.643649 0.51414
0.143233 0.339565 0.219561
1.57153 0.789399 0.38646
0.211013 0.188322 0.416637
0.411059 0.372472 0.348694
0.298395 0.343074 0.438817
0.267692 0.230909 0.281273
0.253495 0.341761 0.431839
0.944909 0.991976 0.320515
0.231685 0.669223 0.287984
0.273709 0.640247 0.24275
0.254748 0.659634 0.434194
0.178716 0.244603 0.175541
0.154294 0.656189 0.34422
0.29554 0.644652 0.453882
0.299556 0.651264 0.454672
0.118293 0.646472 0.344548
0.302072 0.351589 0.319283
0.13451 0.525564 0.230321
0.101342 0.215994 0.336093
0.26121 0.145315 0.300726
0.269281 0.377124 0.289465
0.323915 0.137092 0.429641
0.268504 0.104504 0.238489
1.56838 0.622823 0.586241
0.332298 0.671118 0.312064
0.333146 0.448409 0.424833
0.608916 0.671704 0.275465
0.300176 0.279334 0.311414
0.295913 0.236644 0.422046
1.11118 1.12065 0.263721
0.225761 0.267178 0.209089
0.274614 0.378433 0.296154
0.325067 0.0520155 0.198835
0.225899 0.173681 0.247558
0.287976 0.647332 0.298001
0.252383 0.202029 0.521511
0.1396 0.0465223 0.389526
0.418723 0.226175 0.282188
0.319664 0.377654 0.359225
0.277292 0.662591 0.38271
0.207845 0.416767 0.255532
0.27125 0.627803 0.212595
0.624425 0.731371 0.273148
0.307429 0.648968 0.424669
0.374767 0.490843 0.264238
1.56858 0.682505 0.193867
0.236429 0.691458 0.298957
0.293435 0.401028 0.304742
0.132742 0.617982 0.248679
0.138836 0.644162 0.18864
CASE 1500
0.262953 0.328107 0.57444
0.161743 0.0747346 0.234326
0.304153 0.361944 0.05451
0.324718 0.663963 0.407141
0.301531 0.27647 0.323443
0.458881 0.460681 0.151452
0.179543 0.121578 0.427258
0.264744 0.1115 0.184265
0.129471 0.651811 0.31466
0.312824 0.185931 0.501871
0.269546 0.675727 0.228016
0.393247 0.707678 0.434045
0.273463 0.365016 0.485976
0.208645 0.298599 0.254932
0.181969 0.628965 0.257643
0.261467 0.241299 0.278384
0.338612 0.160243 0.491057
0.269979 0.647547 0.439362
0.265128 0.189397 0.567842
0.434209 0.433976 0.231167
1.56522 0.321255 0.288814
0.323937 1.02515 0.29302
0.419894 0.637844 0.491661
0.495164 0.465116 0.219144
0.727116 0.658994 0.309525
0.125504 0.334507 0.403426
0.416095 0.331376 0.172296
0.481502 0.199503 0.244474
1.56909 0.670889 0.205132
0.486181 0.200379 0.272778
0.322414 0.0853759 0.384644
0.0489145 0.103002 0.328343
0.307687 0.153939 0.281957
0.126768 0.118621 0.136402
0.275941 0.236323 0.356997
0.38347 0.638868 0.557478
0.161587 0.179842 0.183984
0.300602 0.662324 0.437938
0.148619 0.117709 0.132058
0.273248 0.322896 0.0589624
0.369559 0.361319 0.317922
0.259879 1.5668 0.535045
0.31989 0.359818 0.352526
0.255879 0.364757 0.215553
0.372754 0.694232 0.230364
0.134769 0.223856 0.233181
0.27663 0.140399 0.424095
0.268953 0.410257 0.234302
0.268102 0.0722091 0.234034
0.271886 0.0338933 0.274854
0.312167 0.340096 0.409097
0.320182 0.202154 0.0987775
0.283649 0.384498 0.334715
0.283105 0.361636 0.445416
0.172222 0.193081 0.310427
0.652836 0.277379 0.346253
0.268578 0.18065 0.299519
0.288363 0.351189 0.36397
1.56993 1.56687 0.535477
0.293576 0.122176 0.202059
0.18814 0.49108 0.489534
0.373021 0.34129 0.373966
0.307839 0.214557 0.391649
0.180884 0.341738 0.25098
0.155997 0.350085 0.323024
0.285331 0.829648 0.389641
1.57844 0.39795 0.231663
0.148384 0.663979 0.348225
0.140701 0.155689 0.284628
0.21125 0.19976 0.374098
0.108445 0.202806 0.256858
0.145523 0.382224 0.279634
0.323972 0.352998 0.129855
0.435833 0.191428 0.284806
0.784875 0.814568 0.557332
0.283431 0.644116 0.267699
0.484908 0.124243 0.342687
0.253046 0.0712593 0.471899
0.174888 0.458741 0.41684
0.315065 0.200086 0.203311
0.283186 0.167036 0.191908
0.119325 0.269405 0.265337
0.225564 0.136949 0.246661
0.270685 0.202795 0.402691
0.467918 0.170875 0.0446471
0.183324 0.371847 0.31992
0.403158 0.112076 0.226808
0.169505 0.680255 0.384052
0.271148 0.115387 0.417351
0.252399 0.0840081 0.427661
0.174313 0.107504 0.367373
0.284132 0.697612 0.588868
0.401004 0.655646 0.349909
0.297539 0.334059 0.377864
0.274271 0.691809 0.395247
0.513854 0.44564 0.442664
0.571241 0.0984146 0.313201
0.236416 0.252553 0.291614
0.511031 0.242939 0.379949
0.250485 0.129516 0.363987
0.643579 0.697719 0.340588
CASE 0
