CASE 100
10.5454 1.33164
10.5454 1.34491
10.5454 1.43455
10.5454 1.39738
10.5454 1.33112
10.5454 1.34491
10.5454 1.34491
10.5454 1.36942
10.5454 1.43455
10.5454 1.43455
10.5454 1.36128
10.5454 1.31488
10.5454 1.35229
2.14396 1.34419
9.93895 1.4582
10.5454 1.43455
10.5454 1.241
10.5454 1.37061
10.5454 1.34491
10.5454 1.43455
10.5454 1.37061
10.5454 1.34491
10.5454 1.40589
10.5454 1.22703
10.5454 1.23373
10.5454 1.25882
10.5454 1.39738
10.5454 1.43082
10.5454 1.42056
10.5454 1.39738
10.5454 1.33164
9.2824 1.3196
10.5454 1.34491
10.5454 1.35586
10.5454 1.39738
7.67422 1.37061
10.5454 1.43455
10.5454 1.34491
10.2971 1.3719
10.5454 1.43455
10.5454 1.241
10.5454 1.37061
10.5454 1.37061
10.5454 1.32371
10.5454 1.25268
10.5454 1.33164
10.5454 1.34491
10.5454 1.34491
10.5454 1.34491
10.5454 1.3122
10.5454 1.43455
10.5214 1.3196
10.5454 1.2941
10.5454 1.43455
10.5454 1.38571
10.5454 1.34491
10.5454 1.3196
2.14376 1.58452
10.5454 1.32371
10.5454 1.34491
10.5454 1.27415
10.5454 1.43455
10.5454 1.53989
10.5454 1.30662
10.5454 1.3196
10.5454 1.43455
10.3796 1.44404
10.5454 1.33164
10.5454 1.25882
10.5454 1.33164
10.5454 1.34491
10.5454 1.37061
10.5454 1.33182
10.5454 1.43455
10.5454 1.24161
10.5454 1.30662
10.5454 1.30884
10.5454 1.34491
10.1708 1.37061
10.5454 1.30662
9.31907 1.43455
10.5454 1.23323
10.5454 1.37061
7.67427 1.39738
10.5454 1.43455
10.5454 1.31488
10.5454 1.66156
10.5454 1.25865
10.5454 1.27914
10.5454 1.43455
10.5454 1.31852
10.5454 1.34491
10.5454 1.33164
10.5454 1.37061
10.5454 1.58452
9.64614 1.41976
10.5454 1.28688
10.5454 1.43455
10.5454 1.34491
10.5454 1.51336
9.93559 1.2941
CASE 1000
10.5454 1.29935
2.14386 1.25007
2.14396 1.23161
10.5454 1.11623
10.5454 1.40348
2.14387 1.33864
2.14386 1.37131
2.14396 1.19029
10.5454 0.662213
1.23868 1.31034
2.14396 1.46337
7.64359 1.44017
0.775653 1.7938
2.14391 1.33984
2.14389 1.29498
10.5454 1.31387
10.5454 1.33707
7.58045 1.13707
2.1439 1.56302
2.14391 1.3966
2.14392 0.93318
7.56134 0.541865
1.52906 1.10915
1.51739 0.905458
10.5454 1.2242
2.144 1.3589
1.81746 1.35858
9.3556 1.36786
1.72396 1.21469
1.55572 1.15118
1.59393 0.915476
10.5454 1.39689
1.61911 1.25811
2.14396 1.34149
2.14397 1.36579
2.14399 0.962118
1.31033 1.25384
2.14396 0.776177
1.48883 1.24504
2.14376 1.55895
1.02384 1.61587
1.12099 1.55594
0.588103 1.22596
7.59324 1.25538
2.14386 1.25295
2.14397 1.23622
2.14378 1.68964
1.76235 1.21427
10.5454 1.57406
2.1438 1.1313
10.5454 1.05667
10.5454 1.45684
1.50004 1.49462
2.14395 1.28213
1.49081 0.806938
2.01859 0.690023
10.5454 1.51405
10.5454 1.09975
2.14389 1.20696
1.72135 1.21759
1.46563 1.15638
2.14372 1.22077
2.14387 1.16466
2.14396 1.49432
2.14396 1.10024
1.43249 1.01955
1.32344 1.12746
2.14396 1.5246
2.14393 1.24103
1.79702 1.40405
1.56268 0.85374
1.52747 1.54428
10.5454 1.32941
10.0515 1.71723
1.30549 1.29671
2.14394 0.770884
2.14393 0.676497
1.60915 1.05719
2.14389 1.19334
10.5454 1.30032
0.681613 0.716397
10.133 1.54421
2.14388 1.39935
1.49485 1.32744
7.67425 1.49186
1.36053 1.6879
1.29066 0.840379
7.67425 1.60906
2.14398 1.25932
2.14395 1.27439
7.67427 1.50663
1.56854 1.50331
7.67426 1.05365
2.00296 1.36454
1.43302 1.19882
10.5454 0.8297
10.5454 1.49399
2.14397 1.20488
2.14382 1.09345
1.58478 1.26307
0.83998 0.662329
CASE 10000
2.14389 0.593503
0.693916 0.360377
0.502411 0.803173
2.1439 1.47338
1.15087 0.379224
0.84345 0.666912
0.934992 1.23975
0.624125 0.588996
1.32791 0.253349
1.9173 0.301136
0.527833 1.30438
1.07619 1.10978
0.561795 0.497925
0.910224 1.46782
0.197778 0.310518
1.22497 0.579818
0.774754 0.572101
1.00935 1.21523
0.736716 1.30923
0.80119 0.446809
0.245058 0.341952
0.695034 0.447261
0.860135 0.264427
1.22151 0.454173
1.27129 1.05913
2.14387 0.636794
0.858515 0.173046
0.734958 0.529047
0.748564 0.405204
1.17917 1.02216
0.323737 0.472468
0.430848 0.613354
0.515657 0.722547
0.466811 0.417465
0.609937 0.497381
1.2447 0.421978
0.577791 0.592766
1.18883 0.439122
0.393764 0.881494
0.973651 0.581526
0.456065 0.433023
0.641238 0.528227
1.40326 0.414907
1.09615 0.663276
0.682244 0.369883
1.11107 0.392244
1.13469 0.354588
0.633553 1.2388
0.467194 0.402204
0.697713 0.883856
0.509584 0.580904
1.69053 0.254796
0.987356 0.659105
0.932312 0.578215
1.261 0.385832
1.22284 0.235146
0.815925 0.949354
0.862034 0.942959
0.285086 0.545916
0.639307 1.25716
0.726444 0.761697
1.02336 0.450204
2.14385 0.895059
0.861136 0.538317
1.48638 0.424395
0.659666 1.27648
0.698806 0.458393
1.76216 0.618236
1.24726 0.305321
1.10906 0.758521
1.25533 0.575343
0.958927 0.55318
1.30912 0.363066
0.850987 0.537167
1.24874 0.279036
0.786492 0.557891
0.559307 0.353656
0.991823 0.224868
0.938313 0.512804
1.25375 0.437638
0.340157 0.351516
0.827375 1.25641
0.84154 0.290745
0.803503 0.648068
2.14391 0.407561
0.594694 0.461719
0.534695 0.725934
0.522216 0.506353
0.769999 1.46866
0.327152 0.773081
0.676742 1.52924
1.45971 0.408023
1.11635 0.532018
0.740645 0.640264
0.489032 1.24698
1.2625 1.26096
0.656924 0.355984
1.26899 0.431144
1.33692 0.875845
0.486994 0.433462
1.28828 0.429117
CASE 100000
0.151459 0.315907
0.0835898 0.188696
0.241174 0.256477
0.271589 0.285293
0.218625 0.0947369
0.425226 0.29411
0.152562 0.127538
0.77357 0.217902
0.373615 0.133862
0.319908 0.0904624
0.22108 0.166431
0.516178 0.34723
0.294844 0.143201
0.174751 0.283251
0.248484 0.191613
0.248585 0.1315
0.340344 0.118996
0.160615 0.260022
0.275386 0.181855
0.234517 0.182663
0.368659 0.186131
0.310616 0.179693
0.281002 0.327287
0.463966 0.0483185
0.347128 0.187996
0.138694 0.216335
0.099927 0.321702
0.362652 0.110655
0.241658 0.135545
0.18403 0.347609
0.197912 0.384879
0.421398 0.300284
0.11445 0.267781
0.230825 0.194464
0.446593 0.268868
0.336722 0.370355
0.184053 0.164359
0.139926 0.196635
0.189941 0.162062
0.242041 0.200634
0.234285 0.223407
0.426308 0.207581
0.603053 0.245527
0.509853 0.326754
0.303602 0.0889188
0.359615 0.0439289
0.235731 0.201738
0.415575 0.4441
0.656942 0.162563
0.265449 0.171029
0.224426 0.255284
0.619681 0.457284
0.168355 0.254602
0.211948 0.145399
0.361053 0.146585
0.305264 0.148487
0.133124 0.214238
0.334924 0.486493
0.222242 0.160698
0.137483 0.318372
0.26349 0.138835
0.404012 0.181759
0.287814 0.140871
0.398955 0.14012
0.0709918 0.217079
0.352684 0.193241
0.191987 0.284272
0.221131 0.229061
0.122056 0.222879
0.275466 0.171236
0.710577 0.28067
0.348325 0.124963
0.389739 0.24123
0.21884 0.241277
0.192753 0.157902
0.165969 0.243131
0.335783 0.189643
0.600247 0.27631
0.190825 0.288557
0.0879628 0.242952
0.14521 0.104059
0.32992 0.200278
0.343724 0.174755
0.333893 0.130486
0.35236 0.119273
0.20275 0.147889
0.43104 0.186883
0.167364 0.237535
0.173737 0.185344
0.271264 0.173118
0.228901 0.267018
0.377236 0.208231
0.175032 0.0708973
0.17535 0.323312
0.435145 0.146348
0.135817 0.19699
0.344238 0.231262
0.4382 0.0984727
0.228473 0.254847
0.134194 0.13995
0.266127 0.256479
CASE 0
