CASE 100
5.48718 5.33128 0.254801
0.729871 0.710045 0.449124
5.36262 5.36262 0.219203
5.34539 5.23571 0.130155
4.87069 3.99155 0.20693
5.07149 0.481033 0.424746
5.10934 1.30487 0.592219
5.50295 5.50295 0.208093
0.355325 3.85067 0.410057
5.49843 5.49843 0.198144
5.61381 5.61381 0.219371
0.795813 0.795818 0.404533
3.70343 3.84781 0.803372
5.64788 5.64788 0.3586
5.499 5.37779 0.147923
5.43774 5.43774 0.295821
5.53282 5.53282 0.101914
5.39444 5.39444 0.25783
5.24735 4.63356 0.425789
5.34506 5.34506 0.269463
5.49867 5.49867 0.146049
5.50779 5.50779 0.200974
5.5095 0.180678 0.21443
5.26408 5.22513 0.17543
3.93546 3.93546 0.220584
0.376706 0.376706 0.7055
5.466 5.466 0.172074
5.40722 5.40722 0.365716
5.40507 5.40507 0.339723
5.52525 5.52525 0.239154
5.52141 3.97871 0.285598
5.4057 0.296996 0.197507
5.64378 5.64378 0.335334
5.43896 3.93601 0.199508
0.298473 0.299716 0.283879
0.268418 0.218963 0.207617
5.48097 5.48097 0.188691
5.62586 5.53868 0.30522
5.45757 5.45757 0.293387
5.55215 5.55215 0.225154
5.65631 5.65631 0.373259
5.3811 0.786672 0.202511
5.41218 3.90559 0.232958
5.62701 3.99364 0.0563434
5.55365 5.25335 0.319741
5.49156 0.239858 0.171133
4.98204 3.82303 0.638958
0.408839 0.442456 0.39225
5.50184 4.97707 0.189232
3.92335 3.92335 0.25606
4.00825 4.00825 0.330355
3.7741 0.783065 0.444649
5.5998 5.43196 0.283123
4.86336 3.97047 0.1178
0.862955 0.595471 0.480565
5.53627 5.53627 0.212029
5.5932 5.5932 0.281023
5.31799 4.76187 0.325102
5.55047 4.85955 0.218709
4.73613 0.438289 0.262448
5.49194 5.48222 0.174129
3.99173 0.72882 0.415178
4.85306 4.85306 1.03863
5.59744 5.59744 0.238677
5.28379 0.387924 0.159999
5.53197 4.03499 0.336414
4.81369 0.198904 0.153283
5.48136 3.9779 0.269825
0.443511 0.401145 0.45328
5.57759 0.129432 0.0753851
5.5701 3.99163 0.140345
5.41846 0.192561 0.169723
3.2827 3.28412 1.30843
3.88051 3.94652 0.334061
5.56186 5.56186 0.243139
5.30279 5.30279 0.408421
5.3183 0.494863 0.360722
5.37712 0.589529 0.257558
5.37318 3.87897 0.45106
5.48172 0.358771 0.450711
5.19755 5.19755 0.390304
5.36599 0.426591 0.318613
5.44255 3.85619 0.24374
5.42392 3.92562 0.286992
5.64488 5.64488 0.352454
5.30504 4.72956 0.22842
5.21568 4.65931 0.205394
5.46731 5.46731 0.134477
5.62369 5.62369 0.301046
4.82993 4.82993 0.197129
5.51232 5.51232 0.0782148
5.57897 5.57897 0.251573
5.47996 5.47996 0.178675
5.15503 1.11292 0.643382
5.47529 5.15794 0.166455
5.39137 3.90373 0.159757
5.5624 5.5624 0.20057
5.44355 5.2052 0.324548
0.414098 0.396347 0.254468
5.41272 5.41272 0.302004
CASE 1000
1.29173 0.145719 0.143606
0.825739 0.556249 0.213015
0.318919 0.318919 0.31894
0.683121 0.331562 0.401613
0.434059 0.467802 0.328034
0.0746134 0.0746134 0.0709159
3.84864 0.303982 0.260429
5.56122 0.0720643 0.0720658
0.2425 1.95204 0.230922
0.233356 0.208966 0.207078
0.382692 0.424565 0.371774
1.18937 0.341876 0.219347
3.9811 5.61361 0.283487
0.173122 0.343777 0.166644
2.4538 0.369326 0.305489
0.661437 0.376235 0.387884
5.52159 0.306249 0.111717
5.61119 5.47993 0.0917723
5.44882 4.96774 0.208292
5.55787 5.55787 0.252847
0.836307 0.681565 0.364971
5.44715 0.62162 0.245172
3.97335 5.25671 0.218724
5.63687 5.63687 0.327512
5.3679 0.295005 0.251589
3.75014 3.75014 0.614016
0.0419313 0.129931 0.0609779
5.28482 0.477189 0.465015
5.46223 5.46223 0.249474
0.09077 0.0750427 0.090784
5.38148 5.07755 0.287099
0.180268 0.180673 0.156608
0.888444 0.780282 0.532061
5.15591 0.205531 0.226737
0.317208 0.194304 0.222417
5.65566 5.65566 0.00160058
0.325412 0.224044 0.224047
0.469666 0.386687 0.337435
0.368522 0.753256 0.49545
0.497431 0.497431 0.149521
0.214833 0.179889 0.137382
0.135193 0.131316 0.131318
0.15291 0.137343 0.156252
3.83942 0.494625 0.260086
5.58251 4.00786 0.211336
5.27639 5.27639 0.608596
0.839839 0.427347 0.37
0.299671 0.401762 0.286392
0.72824 0.118702 0.107869
5.21409 0.155505 0.143319
0.63273 1.86982 0.306
3.60464 0.441768 0.441791
0.264329 0.308803 0.308803
5.64371 0.0227502 0.0227671
5.24228 5.39608 0.333426
5.52383 5.52383 0.204801
5.44378 5.44378 0.190718
0.0713107 0.0713107 0.0778492
5.54652 0.133215 0.133221
4.81934 0.148298 0.148298
3.91358 0.140103 0.129872
5.57794 0.133645 0.14025
0.270642 0.270642 0.35162
5.65683 5.65683 3.52829e-05
0.27646 0.223468 0.223468
0.768637 0.768637 0.37451
0.258467 0.132909 0.228062
0.301297 0.232201 0.224821
0.232422 0.227533 0.177464
5.48807 5.48807 0.288699
5.00858 0.707485 0.676017
0.664802 0.325718 0.325726
5.45121 0.469615 0.469645
0.334395 0.457537 0.301011
3.96401 0.254522 0.181093
5.50823 0.227121 0.252442
5.50686 3.95591 0.178535
0.232447 0.228628 0.213478
0.0634842 0.0649297 0.0848424
0.424507 0.424507 0.159335
0.492197 0.492196 0.273098
5.62665 5.54202 0.0636147
0.183798 0.287383 0.287383
0.444915 0.540599 0.226712
3.84136 3.88055 0.107432
0.276928 0.286671 0.232958
0.217563 0.223028 0.183847
0.7465 0.746499 0.478278
5.34536 0.352351 0.357717
0.478476 0.478476 0.298708
0.272691 0.206344 0.189905
5.43085 1.34757 0.228405
3.98023 4.87495 0.265283
0.666662 0.598736 0.277575
5.0479 0.866345 0.277986
5.3958 1.22328 0.306749
3.87051 0.316414 0.328264
0.1457 0.135023 0.135068
0.184043 0.185572 0.195483
0.184414 0.332551 0.332554
CASE 10000
1.16272 0.450864 0.245933
0.655687 0.45656 0.111246
0.22236 0.173934 0.181767
5.19524 5.52319 0.238711
3.92689 3.92689 0.499489
0.107221 0.10267 0.107104
0.132366 0.132366 0.145454
0.158288 0.19714 0.176979
0.257158 0.316005 0.118203
0.166595 0.166595 0.182972
0.625576 0.424694 0.500537
0.484276 0.474223 0.456968
0.21951 0.224395 0.198742
0.099908 0.101023 0.104863
0.0813208 0.0852185 0.0777701
0.321727 0.311514 0.294406
1.08744 0.183302 0.197788
0.212225 0.212225 0.230504
0.447878 0.487198 0.284244
0.457765 0.531034 0.244531
1.27315 1.17494 0.111196
0.785445 0.119941 0.109648
0.288844 0.33478 0.30594
0.355742 0.318446 0.318446
0.249323 0.111746 0.111746
0.194372 0.186667 0.18038
0.138045 0.166236 0.287494
0.184948 0.185036 0.175819
0.190681 0.259305 0.259305
0.359343 0.362761 0.36154
0.948171 0.216594 0.271086
0.440036 0.443978 0.22419
0.469034 0.399705 0.318906
0.424502 0.418061 0.418061
5.65671 5.65671 0.000233626
0.552488 0.412458 0.466024
0.696565 0.137891 0.137912
0.308631 0.28942 0.260417
0.198141 0.239498 0.232879
0.207102 0.169537 0.142542
0.280425 0.138769 0.13174
0.268028 0.655662 0.415018
3.94751 0.139941 0.139941
0.390136 0.241457 0.241457
0.264792 0.189172 0.189172
0.385402 0.263734 0.143913
0.334899 0.288852 0.288852
0.335611 0.31728 0.364016
0.380166 0.236015 0.182381
0.370316 0.376999 0.367742
0.294676 0.268638 0.259355
5.58949 3.97773 0.342657
0.734859 0.458265 0.293106
0.116718 0.110858 0.108621
0.121973 0.121973 0.25604
0.180754 0.180754 0.237062
0.168028 0.103878 0.103878
0.461009 0.398524 0.443327
0.214416 0.185636 0.185636
0.352386 0.329057 0.332145
0.488001 0.0846678 0.0846678
0.379114 0.379114 0.0736145
0.205465 0.217201 0.217201
0.986769 0.321273 0.306144
0.123836 0.106304 0.122232
0.272767 0.156426 0.230695
0.380817 0.397932 0.348695
0.169048 0.157559 0.18761
0.208544 0.208544 0.152074
0.556544 0.229188 0.414662
3.92804 4.78562 0.22766
0.777977 0.0997158 0.0997158
0.185099 0.174732 0.137692
0.212549 0.220281 0.196796
0.191841 0.183898 0.222267
0.250912 0.145075 0.145075
5.54288 0.172895 0.172895
0.1363 0.1363 0.1363
5.49003 0.416962 0.352038
0.325171 0.330652 0.42219
0.269309 0.246579 0.246239
0.306116 0.30431 0.231237
0.300518 0.232441 0.151808
0.450178 0.358528 0.223763
3.91697 0.161095 0.134673
0.675882 0.223134 0.194606
0.353204 0.353204 0.260257
0.0620684 0.0653852 0.0653852
0.258193 0.563568 0.394194
0.114077 0.133115 0.1247
0.582044 0.582044 0.382602
0.199248 0.199248 0.224799
0.282232 0.254982 0.269545
0.261538 0.226657 0.226657
0.316073 0.306065 0.311329
0.736008 0.418112 0.360557
0.240148 0.529111 0.386295
0.123954 0.141277 0.107235
0.155491 0.163519 0.16266
0.293028 0.375444 0.405081
CASE 100000
0.128764 0.128764 0.183432
0.0526031 0.0526746 0.0527195
0.240851 0.232282 0.229723
0.266445 0.189659 0.213723
0.113895 0.114809 0.114809
0.376088 0.376088 0.390014
0.164254 0.135806 0.149219
0.376509 0.382735 0.345774
0.276907 0.271507 0.261765
0.124928 0.116909 0.116909
0.443617 0.327963 0.331234
0.0981105 0.0986838 0.0986838
0.411761 0.118309 0.0905285
0.29917 0.286071 0.276736
0.966277 0.550732 0.364246
0.203248 0.203248 0.247679
0.207313 0.266017 0.25219
0.419879 0.168262 0.123395
0.222481 0.216073 0.216073
0.259127 0.174322 0.211416
0.267055 0.100042 0.11575
0.205964 0.205964 0.206452
0.206085 0.0430838 0.327963
0.288686 0.295054 0.295054
0.224203 0.115197 0.135327
0.118881 0.115549 0.115226
0.161855 0.190471 0.179147
0.0193651 0.0193623 0.0190846
0.18126 0.209876 0.208047
0.0956066 0.102137 0.117396
0.105957 0.10697 0.103923
0.245925 0.225943 0.255769
0.182231 0.182231 0.227175
0.339443 0.147977 0.120953
0.207309 0.103367 0.100161
0.241794 0.205644 0.242608
0.218546 0.237623 0.200322
0.970534 0.22643 0.2445
0.281815 0.406104 0.395688
0.207943 0.21821 0.211835
0.153614 0.153614 0.160045
0.056937 0.0647749 0.0610038
0.0997725 0.0997725 0.152982
0.303263 0.303263 0.301251
0.055821 0.0563434 0.0563434
0.34027 0.337855 0.329327
0.175995 0.184614 0.189014
0.328069 0.298516 0.298516
0.0244265 0.0243827 0.0244424
0.13573 0.28474 0.245681
0.308685 0.332553 0.332553
0.992821 0.24021 0.181342
0.0734249 0.0717413 0.0717413
0.0776995 0.113829 0.085163
0.288225 0.312784 0.311492
0.464085 0.219405 0.219405
0.129227 0.113475 0.113475
5.64864 5.28605 0.0146538
0.521984 0.057536 0.0689744
0.121307 0.175606 0.152103
0.14993 0.0645399 0.0533676
0.0755239 0.0695985 0.0695985
0.158714 0.0853113 0.075664
0.145066 0.145841 0.148772
0.194464 0.110727 0.0493173
0.262485 0.162046 0.149676
0.273348 0.277699 0.280395
0.247929 0.239127 0.222099
0.416594 0.423403 0.385485
0.0669673 0.0669673 0.0577554
0.184063 0.190678 0.158164
0.261877 0.262934 0.258777
0.240667 0.231001 0.221239
0.248731 0.266302 0.246219
0.240594 0.240594 0.244785
0.311084 0.280681 0.293769
0.278547 0.0920737 0.0895453
0.274139 0.274139 0.348125
0.240883 0.0304427 0.0304427
0.0538988 0.0459309 0.0465084
0.166149 0.16114 0.166163
0.240317 0.246488 0.246488
0.180814 0.180814 0.205931
0.191639 0.191639 0.222573
0.217959 0.225715 0.225715
0.20463 0.222541 0.231489
0.141871 0.291968 0.315723
0.473041 0.195917 0.196247
0.669916 0.212195 0.185399
0.0487567 0.035669 0.0335058
0.554999 0.586751 0.586751
0.176722 0.129808 0.129808
0.172318 0.198566 0.184085
0.179163 0.174755 0.174755
0.116413 0.117155 0.33359
1.17909 0.132899 0.132899
3.98159 0.0664224 0.0664224
0.551167 0.0897446 0.0897446
0.159856 0.159856 0.207573
0.35598 0.267264 0.267264
CASE 0
