CASE 100
1.00177 1.30571
1.92119 0.943551
1.98332 1.02
1.93703 0.988849
1.09126 0.976811
1.36803 0.796509
0.990027 0.826983
0.57416 0.957937
0.957433 0.82498
2.14028 0.81074
0.97972 0.793387
0.380364 0.840129
1.11777 0.977823
0.907496 1.31589
0.873331 1.34103
0.80139 0.97442
1.07706 0.798675
1.90557 0.965919
0.576859 0.860889
1.92341 1.06086
1.26642 0.978651
0.870541 1.08257
0.742167 0.913837
1.87938 0.79713
1.2291 1.26705
0.817712 1.27448
0.948043 0.806979
1.75582 0.944667
0.812833 1.17715
1.19954 1.16044
0.895211 1.20106
0.62719 1.10504
1.20309 1.25987
0.850314 1.13958
0.281317 1.01808
0.760838 0.85287
0.635736 0.932958
1.04478 0.7855
1.87685 1.89444
0.601758 0.887492
0.441711 0.976397
1.88906 1.02777
0.659698 1.02001
2.03677 1.49379
1.13256 0.952149
1.88196 0.812067
0.414823 0.77847
0.454362 1.08348
1.99869 0.931999
1.05604 1.04517
0.734791 1.17576
0.971695 0.994916
0.551758 0.774159
0.684135 0.852437
0.86427 0.887399
2.16583 1.0433
1.97344 1.03323
2.8408 1.17261
1.91173 1.85802
1.94176 1.15835
0.558545 1.28993
0.400769 0.885726
0.819263 1.00301
1.79134 1.03809
0.774844 0.866008
0.521038 1.01463
0.646131 0.946427
0.5692 0.937495
0.726695 0.87379
0.720912 0.937651
1.09253 1.29881
0.961282 1.12196
0.649195 1.19232
1.9191 1.36277
1.05439 1.05316
0.709657 0.777248
0.86448 0.803611
0.847731 0.916328
0.419838 0.840179
1.75403 1.0897
1.89925 1.89743
2.14918 1.05427
0.696782 0.797131
1.13987 0.869354
1.23283 0.904911
1.90383 0.824622
1.05837 1.01198
1.00129 0.849643
0.799852 1.09089
1.32983 1.40473
0.544748 0.87819
1.05006 1.1444
0.501138 1.25548
1.96326 1.0543
0.634074 1.07371
0.624945 1.12133
0.932306 0.816012
0.56888 0.902772
2.02597 1.09903
0.686883 1.27537
0.985832 1.23264
CASE 1000
0.286699 0.464401
0.341142 0.957971
0.378579 0.424123
0.292603 0.204857
0.220077 0.765244
0.177204 0.734548
0.300023 1.87643
0.309806 0.317977
0.403867 0.863107
0.217201 0.7936
0.436319 0.775516
0.391785 0.91477
1.1131 1.12162
0.283213 0.809712
0.444287 0.871293
0.320242 0.22614
0.636142 0.576321
0.36415 0.747942
0.212347 0.516863
0.399904 0.854335
0.37789 0.401492
0.224008 0.277703
0.727978 0.850423
0.681002 0.790871
0.344633 1.88394
0.677068 0.436947
0.317084 0.407695
1.87651 0.861518
0.35634 0.889181
0.473245 0.797734
0.39892 0.36532
0.407641 0.747123
0.564076 0.560511
1.8668 0.802629
1.2993 0.816778
0.781946 0.395257
0.246998 0.452642
0.339945 1.86757
0.377036 0.404622
0.25414 0.230531
0.737799 0.798636
1.86782 0.386397
0.361025 0.515706
1.87117 0.401167
0.497948 0.397182
0.404328 1.90461
1.9053 0.821457
0.512095 0.452964
0.668952 1.87541
1.87063 0.389452
0.766038 0.396415
0.33708 0.563701
1.11084 0.78495
0.314623 0.238126
0.36375 0.820701
0.407879 0.826114
0.339226 0.13627
0.362933 0.266187
0.560696 0.481387
0.371333 0.340568
0.327139 0.827193
0.157806 0.235307
1.12343 0.864703
0.406814 0.779347
0.548157 0.946001
1.87067 0.926933
0.721184 0.748
0.846756 0.781378
0.349651 0.767909
0.435164 0.74542
0.412748 0.594833
0.449165 0.432921
0.421375 0.819206
0.480954 0.75278
0.413271 0.772155
0.389849 0.918544
1.88794 0.745164
0.276878 0.39081
0.425987 0.819821
0.477959 1.87541
0.34878 0.930861
1.06596 0.587515
0.536263 1.88868
0.356258 0.461324
0.256282 0.74195
0.387465 0.528535
0.32327 0.819814
0.545712 0.339155
1.87146 0.80098
0.29974 0.846654
0.439704 0.796611
1.87391 0.769775
0.478068 0.782756
0.408814 0.597416
0.194538 0.445552
0.34473 0.880719
0.47289 0.479795
1.88593 0.844275
0.312243 1.86748
0.365139 0.608152
0.411869 0.948142
CASE 10000
0.194506 0.155723
0.122401 0.213291
0.135501 0.115618
0.153444 0.209603
0.107042 0.0787681
0.148816 0.153487
0.062341 0.108265
0.113011 0.106588
0.117955 0.0683492
0.182204 0.139179
0.386148 0.183029
0.0537625 0.113222
0.226791 0.1075
0.103496 0.11801
0.0901278 0.0822008
0.302326 0.0446238
0.0912825 0.153188
0.187036 0.0468765
0.359348 0.10743
0.13252 0.0559454
0.107187 0.0725047
0.0966071 0.125378
0.222843 0.151022
0.455801 0.138824
0.322235 0.150302
0.315035 0.384021
0.200853 0.163668
0.0604205 0.230685
0.114157 0.144324
0.155298 0.102782
0.0693082 0.284362
0.0924149 0.679287
0.199377 0.109751
0.107715 0.168224
0.429408 0.0694205
0.110502 0.131281
0.101293 0.122678
0.413816 0.165571
0.138609 0.110445
0.0670509 0.0961051
0.231023 0.18229
0.278185 0.330622
0.284983 0.274531
0.32243 0.10432
0.318231 0.551796
0.158944 0.130776
0.16685 0.283352
0.199519 0.118864
0.152124 0.123205
0.174232 0.277671
0.283557 0.256003
0.174989 0.191763
0.24351 0.140828
0.246903 0.161207
0.0628869 0.0916275
0.151276 0.223418
0.473345 0.47501
0.297179 0.221171
0.123687 0.0812736
0.198679 0.112778
0.193498 0.165495
0.13943 0.127547
0.110614 0.199597
0.131305 0.161764
0.0955805 0.14176
0.232226 0.0603245
0.147878 0.160963
0.0842772 0.119777
0.144583 0.354928
0.053549 0.360283
0.236384 0.193079
0.301691 0.134968
0.0671862 0.287635
0.319028 0.118557
0.210297 0.133838
0.0966196 0.0418672
0.0524146 0.166704
0.253039 0.244092
0.0942705 0.195545
0.173113 0.0650622
0.307097 0.205806
0.137886 0.13162
0.0945597 0.529197
0.0683288 0.108541
0.179204 0.111118
0.0519511 0.0886769
0.149542 0.310791
0.163986 0.169206
0.31061 0.312707
0.561982 0.0542124
0.15552 0.0908671
0.329295 0.430302
0.0961147 0.405115
0.225189 0.245662
0.0871937 0.0636785
0.197703 0.142312
0.0745609 0.114001
0.100445 0.152071
0.150435 0.161738
0.217594 0.303048
0.0844165 0.277048
CASE 100000
0.0740684 0.033476
0.0730503 0.154372
0.0171214 0.123501
0.0586773 0.0461324
0.0212613 0.176901
0.101894 0.129783
0.0394671 0.042124
0.0382739 0.0946632
0.012626 0.0937509
0.0195481 0.0967551
0.0543523 0.0565629
0.0226159 0.13143
0.0433657 0.0790488
0.054466 0.0490037
0.0614538 0.0590217
0.0697735 0.0560016
0.0391068 0.117027
0.0223029 0.143699
0.0323689 0.0761663
0.105122 0.0559465
0.0327791 0.0631174
0.125744 0.108348
0.200454 0.15564
0.0850541 0.07485
0.107124 0.0865266
0.0303063 0.0710522
0.21404 0.0611837
0.0316631 0.0603015
0.0864137 0.0630133
0.0612679 0.0755112
0.0521141 0.0639771
0.0635486 0.0302379
0.0843275 0.0497732
0.0303839 0.0349475
0.0246214 0.0777963
0.0642294 0.0835561
0.0364884 0.0457282
0.0527047 0.0551748
0.0307231 0.0431
0.161305 0.0800679
0.030745 0.0274515
0.13566 0.113121
0.0520087 0.0730571
0.0491525 0.145565
0.0218744 0.120927
0.0366182 0.0550924
0.0434911 0.0576724
0.0314745 0.102948
0.0453912 0.0535951
0.0140656 0.0446733
0.0429364 0.0469221
0.041196 0.134382
0.0968135 0.197386
0.0635108 0.0777769
0.0282948 0.11944
0.13736 0.116547
0.0258749 0.094875
0.104931 0.0572841
0.0274941 0.0667791
0.0486157 0.241453
0.0511469 0.137041
0.0909337 0.170881
0.0533878 0.0706313
0.121781 0.0459494
0.0235126 0.040504
0.0633053 0.0374111
0.100758 0.0488042
0.0688927 0.0541286
0.0844603 0.0531805
0.0641258 0.076594
0.0840337 0.076461
0.0290848 0.0531044
0.0286988 0.120601
0.0919591 0.0692563
0.0803766 0.104818
0.0315322 0.0688744
0.106599 0.170364
0.0747496 0.075171
0.0112775 0.0575219
0.138895 0.0569454
0.0403485 0.057097
0.0833575 0.0723294
0.0398554 0.0310649
0.034268 0.114892
0.0888971 0.0947658
0.0304283 0.0767878
0.0279647 0.0943585
0.0470353 0.0869857
0.110109 0.0876427
0.0573981 0.0571763
0.0606853 0.0737533
0.0630185 0.0506486
0.0461995 0.176388
0.0363089 0.0496029
0.0802486 0.0764715
0.110881 0.144419
0.060954 0.101945
0.0618229 0.055391
0.0900944 0.130719
0.0386859 0.152316
0.0496168 0.162414
CASE 0
