BDS: columns: 5, rows: 20000, header: ('Smoker', 'Genetic', 'CoalWorker', 'BadDiet', 'LungCancer'), domain: (('TwoPacks', 'OnePack', 'False'), ('False', 'True'), ('True', 'False'), ('Bad', 'Medium', 'Good'), ('Benign', 'Malignant', 'No'))
COUNTED
[1, 0, 0, 0, 0, 0] 557
[0, 1, 0, 0, 0, 0] 213
[0, 0, 1, 0, 0, 0] 438
[0, 0, 0, 1, 0, 0] 11
[0, 0, 0, 0, 1, 0] 5697
[0, 0, 0, 0, 0, 1] 3123
[1, 0, 0, 0, 0, 0] 557
[0, 1, 0, 0, 0, 0] 213
[0, 0, 1, 0, 0, 0] 438
[0, 0, 0, 1, 0, 0] 11
[0, 0, 0, 0, 1, 0] 5697
[0, 0, 0, 0, 0, 1] 3123
(('Benign', 'Smoker', 'OnePack'), 0.13824057450628366)
(('Benign', 'Smoker', 'TwoPacks'), 0.2535211267605634)
(('Benign', 'Genetic', 'True'), 0.58675799086758)
(('Benign', 'CoalWorker', 'True'), 0.5454545454545454)
(('Benign', 'BadDiet', 'Good'), 0.6406880814463752)
(('Benign', 'BadDiet', 'Bad'), 0.21581812359910343)
(('Malignant', 'Smoker', 'OnePack'), 0.11490125673249552)
(('Malignant', 'Smoker', 'TwoPacks'), 0.2535211267605634)
(('Malignant', 'Genetic', 'True'), 0.273972602739726)
(('Malignant', 'CoalWorker', 'True'), 0.18181818181818182)
(('Malignant', 'BadDiet', 'Good'), 0.04388274530454625)
(('Malignant', 'BadDiet', 'Bad'), 0.1255203330131284)
SOLVED



[0, 0, 0, 0, 1, 0] 5697
[0, 0, 0, 0, 0, 1] 3123
[1, 0, 0, 0, 1, 0] 1895
[0, 0, 1, 0, 1, 0] 1595
[1, 0, 0, 0, 0, 1] 1128
[0, 0, 1, 0, 0, 1] 927
[0, 1, 0, 0, 1, 0] 835
[1, 0, 1, 0, 1, 0] 571
[1, 0, 0, 0, 0, 0] 557
[0, 1, 0, 0, 0, 1] 460
[0, 0, 1, 0, 0, 0] 438
[1, 0, 1, 0, 0, 1] 293
[0, 1, 1, 0, 1, 0] 230
[0, 1, 0, 0, 0, 0] 213
[1, 0, 1, 0, 0, 0] 144
[0, 1, 1, 0, 0, 1] 120
[0, 0, 0, 1, 1, 0] 57
[0, 1, 1, 0, 0, 0] 48
[0, 0, 0, 1, 0, 1] 23
[1, 0, 0, 1, 1, 0] 16
[0, 0, 1, 1, 1, 0] 15
[0, 0, 1, 1, 0, 1] 13
[0, 1, 0, 1, 1, 0] 12
[1, 0, 0, 1, 0, 1] 12
[0, 0, 0, 1, 0, 0] 11
[1, 0, 1, 1, 1, 0] 7
[1, 0, 0, 1, 0, 0] 5
[0, 1, 0, 1, 0, 0] 4
[0, 1, 0, 1, 0, 1] 3
[1, 0, 1, 1, 0, 0] 2
[0, 0, 1, 1, 0, 0] 1
[0, 1, 1, 1, 0, 1] 1
[1, 0, 1, 1, 0, 1] 1
Double sorted equations for column 0
[1, 0, 0, 0, 1, 0] 1895
[1, 0, 0, 0, 0, 1] 1128
[1, 0, 1, 0, 1, 0] 571
[1, 0, 0, 0, 0, 0] 557
[1, 0, 1, 0, 0, 1] 293
[1, 0, 1, 0, 0, 0] 144
[1, 0, 0, 1, 1, 0] 16
[1, 0, 0, 1, 0, 1] 12
[1, 0, 1, 1, 1, 0] 7
[1, 0, 0, 1, 0, 0] 5
[1, 0, 1, 1, 0, 0] 2
[1, 0, 1, 1, 0, 1] 1
[0, 0, 0, 0, 1, 0] 5697
[0, 0, 0, 0, 0, 1] 3123
[0, 0, 1, 0, 1, 0] 1595
[0, 0, 1, 0, 0, 1] 927
[0, 1, 0, 0, 1, 0] 835
[0, 1, 0, 0, 0, 1] 460
[0, 0, 1, 0, 0, 0] 438
[0, 1, 1, 0, 1, 0] 230
[0, 1, 0, 0, 0, 0] 213
[0, 1, 1, 0, 0, 1] 120
[0, 0, 0, 1, 1, 0] 57
[0, 1, 1, 0, 0, 0] 48
[0, 0, 0, 1, 0, 1] 23
[0, 0, 1, 1, 1, 0] 15
[0, 0, 1, 1, 0, 1] 13
[0, 1, 0, 1, 1, 0] 12
[0, 0, 0, 1, 0, 0] 11
[0, 1, 0, 1, 0, 0] 4
[0, 1, 0, 1, 0, 1] 3
[0, 0, 1, 1, 0, 0] 1
[0, 1, 1, 1, 0, 1] 1
[[[1], 0.13824057450628366]] 0 [557]



[0, 0, 0, 0, 1, 0] 5697
[0, 0, 0, 0, 0, 1] 3123
[1, 0, 0, 0, 1, 0] 1895
[0, 0, 1, 0, 1, 0] 1595
[1, 0, 0, 0, 0, 1] 1128
[0, 0, 1, 0, 0, 1] 927
[0, 1, 0, 0, 1, 0] 835
[1, 0, 1, 0, 1, 0] 571
[1, 0, 0, 0, 0, 0] 557
[0, 1, 0, 0, 0, 1] 460
[0, 0, 1, 0, 0, 0] 438
[1, 0, 1, 0, 0, 1] 293
[0, 1, 1, 0, 1, 0] 230
[0, 1, 0, 0, 0, 0] 213
[1, 0, 1, 0, 0, 0] 144
[0, 1, 1, 0, 0, 1] 120
[0, 0, 0, 1, 1, 0] 57
[0, 1, 1, 0, 0, 0] 48
[0, 0, 0, 1, 0, 1] 23
[1, 0, 0, 1, 1, 0] 16
[0, 0, 1, 1, 1, 0] 15
[0, 0, 1, 1, 0, 1] 13
[0, 1, 0, 1, 1, 0] 12
[1, 0, 0, 1, 0, 1] 12
[0, 0, 0, 1, 0, 0] 11
[1, 0, 1, 1, 1, 0] 7
[1, 0, 0, 1, 0, 0] 5
[0, 1, 0, 1, 0, 0] 4
[0, 1, 0, 1, 0, 1] 3
[1, 0, 1, 1, 0, 0] 2
[0, 0, 1, 1, 0, 0] 1
[0, 1, 1, 1, 0, 1] 1
[1, 0, 1, 1, 0, 1] 1
Double sorted equations for column 1
[0, 1, 0, 0, 1, 0] 835
[0, 1, 0, 0, 0, 1] 460
[0, 1, 1, 0, 1, 0] 230
[0, 1, 0, 0, 0, 0] 213
[0, 1, 1, 0, 0, 1] 120
[0, 1, 1, 0, 0, 0] 48
[0, 1, 0, 1, 1, 0] 12
[0, 1, 0, 1, 0, 0] 4
[0, 1, 0, 1, 0, 1] 3
[0, 1, 1, 1, 0, 1] 1
[0, 0, 0, 0, 1, 0] 5697
[0, 0, 0, 0, 0, 1] 3123
[1, 0, 0, 0, 1, 0] 1895
[0, 0, 1, 0, 1, 0] 1595
[1, 0, 0, 0, 0, 1] 1128
[0, 0, 1, 0, 0, 1] 927
[1, 0, 1, 0, 1, 0] 571
[1, 0, 0, 0, 0, 0] 557
[0, 0, 1, 0, 0, 0] 438
[1, 0, 1, 0, 0, 1] 293
[1, 0, 1, 0, 0, 0] 144
[0, 0, 0, 1, 1, 0] 57
[0, 0, 0, 1, 0, 1] 23
[1, 0, 0, 1, 1, 0] 16
[0, 0, 1, 1, 1, 0] 15
[0, 0, 1, 1, 0, 1] 13
[1, 0, 0, 1, 0, 1] 12
[0, 0, 0, 1, 0, 0] 11
[1, 0, 1, 1, 1, 0] 7
[1, 0, 0, 1, 0, 0] 5
[1, 0, 1, 1, 0, 0] 2
[0, 0, 1, 1, 0, 0] 1
[1, 0, 1, 1, 0, 1] 1
[[[1], 0.2535211267605634]] 0 [213]



[0, 0, 0, 0, 1, 0] 5697
[0, 0, 0, 0, 0, 1] 3123
[1, 0, 0, 0, 1, 0] 1895
[0, 0, 1, 0, 1, 0] 1595
[1, 0, 0, 0, 0, 1] 1128
[0, 0, 1, 0, 0, 1] 927
[0, 1, 0, 0, 1, 0] 835
[1, 0, 1, 0, 1, 0] 571
[1, 0, 0, 0, 0, 0] 557
[0, 1, 0, 0, 0, 1] 460
[0, 0, 1, 0, 0, 0] 438
[1, 0, 1, 0, 0, 1] 293
[0, 1, 1, 0, 1, 0] 230
[0, 1, 0, 0, 0, 0] 213
[1, 0, 1, 0, 0, 0] 144
[0, 1, 1, 0, 0, 1] 120
[0, 0, 0, 1, 1, 0] 57
[0, 1, 1, 0, 0, 0] 48
[0, 0, 0, 1, 0, 1] 23
[1, 0, 0, 1, 1, 0] 16
[0, 0, 1, 1, 1, 0] 15
[0, 0, 1, 1, 0, 1] 13
[0, 1, 0, 1, 1, 0] 12
[1, 0, 0, 1, 0, 1] 12
[0, 0, 0, 1, 0, 0] 11
[1, 0, 1, 1, 1, 0] 7
[1, 0, 0, 1, 0, 0] 5
[0, 1, 0, 1, 0, 0] 4
[0, 1, 0, 1, 0, 1] 3
[1, 0, 1, 1, 0, 0] 2
[0, 0, 1, 1, 0, 0] 1
[0, 1, 1, 1, 0, 1] 1
[1, 0, 1, 1, 0, 1] 1
Double sorted equations for column 2
[0, 0, 1, 0, 1, 0] 1595
[0, 0, 1, 0, 0, 1] 927
[1, 0, 1, 0, 1, 0] 571
[0, 0, 1, 0, 0, 0] 438
[1, 0, 1, 0, 0, 1] 293
[0, 1, 1, 0, 1, 0] 230
[1, 0, 1, 0, 0, 0] 144
[0, 1, 1, 0, 0, 1] 120
[0, 1, 1, 0, 0, 0] 48
[0, 0, 1, 1, 1, 0] 15
[0, 0, 1, 1, 0, 1] 13
[1, 0, 1, 1, 1, 0] 7
[1, 0, 1, 1, 0, 0] 2
[0, 0, 1, 1, 0, 0] 1
[0, 1, 1, 1, 0, 1] 1
[1, 0, 1, 1, 0, 1] 1
[0, 0, 0, 0, 1, 0] 5697
[0, 0, 0, 0, 0, 1] 3123
[1, 0, 0, 0, 1, 0] 1895
[1, 0, 0, 0, 0, 1] 1128
[0, 1, 0, 0, 1, 0] 835
[1, 0, 0, 0, 0, 0] 557
[0, 1, 0, 0, 0, 1] 460
[0, 1, 0, 0, 0, 0] 213
[0, 0, 0, 1, 1, 0] 57
[0, 0, 0, 1, 0, 1] 23
[1, 0, 0, 1, 1, 0] 16
[0, 1, 0, 1, 1, 0] 12
[1, 0, 0, 1, 0, 1] 12
[0, 0, 0, 1, 0, 0] 11
[1, 0, 0, 1, 0, 0] 5
[0, 1, 0, 1, 0, 0] 4
[0, 1, 0, 1, 0, 1] 3
[[[1], 0.58675799086758]] 0 [438]



[0, 0, 0, 0, 1, 0] 5697
[0, 0, 0, 0, 0, 1] 3123
[1, 0, 0, 0, 1, 0] 1895
[0, 0, 1, 0, 1, 0] 1595
[1, 0, 0, 0, 0, 1] 1128
[0, 0, 1, 0, 0, 1] 927
[0, 1, 0, 0, 1, 0] 835
[1, 0, 1, 0, 1, 0] 571
[1, 0, 0, 0, 0, 0] 557
[0, 1, 0, 0, 0, 1] 460
[0, 0, 1, 0, 0, 0] 438
[1, 0, 1, 0, 0, 1] 293
[0, 1, 1, 0, 1, 0] 230
[0, 1, 0, 0, 0, 0] 213
[1, 0, 1, 0, 0, 0] 144
[0, 1, 1, 0, 0, 1] 120
[0, 0, 0, 1, 1, 0] 57
[0, 1, 1, 0, 0, 0] 48
[0, 0, 0, 1, 0, 1] 23
[1, 0, 0, 1, 1, 0] 16
[0, 0, 1, 1, 1, 0] 15
[0, 0, 1, 1, 0, 1] 13
[0, 1, 0, 1, 1, 0] 12
[1, 0, 0, 1, 0, 1] 12
[0, 0, 0, 1, 0, 0] 11
[1, 0, 1, 1, 1, 0] 7
[1, 0, 0, 1, 0, 0] 5
[0, 1, 0, 1, 0, 0] 4
[0, 1, 0, 1, 0, 1] 3
[1, 0, 1, 1, 0, 0] 2
[0, 0, 1, 1, 0, 0] 1
[0, 1, 1, 1, 0, 1] 1
[1, 0, 1, 1, 0, 1] 1
Double sorted equations for column 3
[0, 0, 0, 1, 1, 0] 57
[0, 0, 0, 1, 0, 1] 23
[1, 0, 0, 1, 1, 0] 16
[0, 0, 1, 1, 1, 0] 15
[0, 0, 1, 1, 0, 1] 13
[0, 1, 0, 1, 1, 0] 12
[1, 0, 0, 1, 0, 1] 12
[0, 0, 0, 1, 0, 0] 11
[1, 0, 1, 1, 1, 0] 7
[1, 0, 0, 1, 0, 0] 5
[0, 1, 0, 1, 0, 0] 4
[0, 1, 0, 1, 0, 1] 3
[1, 0, 1, 1, 0, 0] 2
[0, 0, 1, 1, 0, 0] 1
[0, 1, 1, 1, 0, 1] 1
[1, 0, 1, 1, 0, 1] 1
[0, 0, 0, 0, 1, 0] 5697
[0, 0, 0, 0, 0, 1] 3123
[1, 0, 0, 0, 1, 0] 1895
[0, 0, 1, 0, 1, 0] 1595
[1, 0, 0, 0, 0, 1] 1128
[0, 0, 1, 0, 0, 1] 927
[0, 1, 0, 0, 1, 0] 835
[1, 0, 1, 0, 1, 0] 571
[1, 0, 0, 0, 0, 0] 557
[0, 1, 0, 0, 0, 1] 460
[0, 0, 1, 0, 0, 0] 438
[1, 0, 1, 0, 0, 1] 293
[0, 1, 1, 0, 1, 0] 230
[0, 1, 0, 0, 0, 0] 213
[1, 0, 1, 0, 0, 0] 144
[0, 1, 1, 0, 0, 1] 120
[0, 1, 1, 0, 0, 0] 48
[[[1], 0.5454545454545454]] 0 [11]



[0, 0, 0, 0, 1, 0] 5697
[0, 0, 0, 0, 0, 1] 3123
[1, 0, 0, 0, 1, 0] 1895
[0, 0, 1, 0, 1, 0] 1595
[1, 0, 0, 0, 0, 1] 1128
[0, 0, 1, 0, 0, 1] 927
[0, 1, 0, 0, 1, 0] 835
[1, 0, 1, 0, 1, 0] 571
[1, 0, 0, 0, 0, 0] 557
[0, 1, 0, 0, 0, 1] 460
[0, 0, 1, 0, 0, 0] 438
[1, 0, 1, 0, 0, 1] 293
[0, 1, 1, 0, 1, 0] 230
[0, 1, 0, 0, 0, 0] 213
[1, 0, 1, 0, 0, 0] 144
[0, 1, 1, 0, 0, 1] 120
[0, 0, 0, 1, 1, 0] 57
[0, 1, 1, 0, 0, 0] 48
[0, 0, 0, 1, 0, 1] 23
[1, 0, 0, 1, 1, 0] 16
[0, 0, 1, 1, 1, 0] 15
[0, 0, 1, 1, 0, 1] 13
[0, 1, 0, 1, 1, 0] 12
[1, 0, 0, 1, 0, 1] 12
[0, 0, 0, 1, 0, 0] 11
[1, 0, 1, 1, 1, 0] 7
[1, 0, 0, 1, 0, 0] 5
[0, 1, 0, 1, 0, 0] 4
[0, 1, 0, 1, 0, 1] 3
[1, 0, 1, 1, 0, 0] 2
[0, 0, 1, 1, 0, 0] 1
[0, 1, 1, 1, 0, 1] 1
[1, 0, 1, 1, 0, 1] 1
Double sorted equations for column 4
[0, 0, 0, 0, 1, 0] 5697
[1, 0, 0, 0, 1, 0] 1895
[0, 0, 1, 0, 1, 0] 1595
[0, 1, 0, 0, 1, 0] 835
[1, 0, 1, 0, 1, 0] 571
[0, 1, 1, 0, 1, 0] 230
[0, 0, 0, 1, 1, 0] 57
[1, 0, 0, 1, 1, 0] 16
[0, 0, 1, 1, 1, 0] 15
[0, 1, 0, 1, 1, 0] 12
[1, 0, 1, 1, 1, 0] 7
[0, 0, 0, 0, 0, 1] 3123
[1, 0, 0, 0, 0, 1] 1128
[0, 0, 1, 0, 0, 1] 927
[1, 0, 0, 0, 0, 0] 557
[0, 1, 0, 0, 0, 1] 460
[0, 0, 1, 0, 0, 0] 438
[1, 0, 1, 0, 0, 1] 293
[0, 1, 0, 0, 0, 0] 213
[1, 0, 1, 0, 0, 0] 144
[0, 1, 1, 0, 0, 1] 120
[0, 1, 1, 0, 0, 0] 48
[0, 0, 0, 1, 0, 1] 23
[0, 0, 1, 1, 0, 1] 13
[1, 0, 0, 1, 0, 1] 12
[0, 0, 0, 1, 0, 0] 11
[1, 0, 0, 1, 0, 0] 5
[0, 1, 0, 1, 0, 0] 4
[0, 1, 0, 1, 0, 1] 3
[1, 0, 1, 1, 0, 0] 2
[0, 0, 1, 1, 0, 0] 1
[0, 1, 1, 1, 0, 1] 1
[1, 0, 1, 1, 0, 1] 1
[[[1], 0.6406880814463752]] 0 [5697]



[0, 0, 0, 0, 1, 0] 5697
[0, 0, 0, 0, 0, 1] 3123
[1, 0, 0, 0, 1, 0] 1895
[0, 0, 1, 0, 1, 0] 1595
[1, 0, 0, 0, 0, 1] 1128
[0, 0, 1, 0, 0, 1] 927
[0, 1, 0, 0, 1, 0] 835
[1, 0, 1, 0, 1, 0] 571
[1, 0, 0, 0, 0, 0] 557
[0, 1, 0, 0, 0, 1] 460
[0, 0, 1, 0, 0, 0] 438
[1, 0, 1, 0, 0, 1] 293
[0, 1, 1, 0, 1, 0] 230
[0, 1, 0, 0, 0, 0] 213
[1, 0, 1, 0, 0, 0] 144
[0, 1, 1, 0, 0, 1] 120
[0, 0, 0, 1, 1, 0] 57
[0, 1, 1, 0, 0, 0] 48
[0, 0, 0, 1, 0, 1] 23
[1, 0, 0, 1, 1, 0] 16
[0, 0, 1, 1, 1, 0] 15
[0, 0, 1, 1, 0, 1] 13
[0, 1, 0, 1, 1, 0] 12
[1, 0, 0, 1, 0, 1] 12
[0, 0, 0, 1, 0, 0] 11
[1, 0, 1, 1, 1, 0] 7
[1, 0, 0, 1, 0, 0] 5
[0, 1, 0, 1, 0, 0] 4
[0, 1, 0, 1, 0, 1] 3
[1, 0, 1, 1, 0, 0] 2
[0, 0, 1, 1, 0, 0] 1
[0, 1, 1, 1, 0, 1] 1
[1, 0, 1, 1, 0, 1] 1
Double sorted equations for column 5
[0, 0, 0, 0, 0, 1] 3123
[1, 0, 0, 0, 0, 1] 1128
[0, 0, 1, 0, 0, 1] 927
[0, 1, 0, 0, 0, 1] 460
[1, 0, 1, 0, 0, 1] 293
[0, 1, 1, 0, 0, 1] 120
[0, 0, 0, 1, 0, 1] 23
[0, 0, 1, 1, 0, 1] 13
[1, 0, 0, 1, 0, 1] 12
[0, 1, 0, 1, 0, 1] 3
[0, 1, 1, 1, 0, 1] 1
[1, 0, 1, 1, 0, 1] 1
[0, 0, 0, 0, 1, 0] 5697
[1, 0, 0, 0, 1, 0] 1895
[0, 0, 1, 0, 1, 0] 1595
[0, 1, 0, 0, 1, 0] 835
[1, 0, 1, 0, 1, 0] 571
[1, 0, 0, 0, 0, 0] 557
[0, 0, 1, 0, 0, 0] 438
[0, 1, 1, 0, 1, 0] 230
[0, 1, 0, 0, 0, 0] 213
[1, 0, 1, 0, 0, 0] 144
[0, 0, 0, 1, 1, 0] 57
[0, 1, 1, 0, 0, 0] 48
[1, 0, 0, 1, 1, 0] 16
[0, 0, 1, 1, 1, 0] 15
[0, 1, 0, 1, 1, 0] 12
[0, 0, 0, 1, 0, 0] 11
[1, 0, 1, 1, 1, 0] 7
[1, 0, 0, 1, 0, 0] 5
[0, 1, 0, 1, 0, 0] 4
[1, 0, 1, 1, 0, 0] 2
[0, 0, 1, 1, 0, 0] 1
[[[1], 0.21581812359910343]] 0 [3123]



[0, 0, 0, 0, 1, 0] 5697
[0, 0, 0, 0, 0, 1] 3123
[1, 0, 0, 0, 1, 0] 1895
[0, 0, 1, 0, 1, 0] 1595
[1, 0, 0, 0, 0, 1] 1128
[0, 0, 1, 0, 0, 1] 927
[0, 1, 0, 0, 1, 0] 835
[1, 0, 1, 0, 1, 0] 571
[1, 0, 0, 0, 0, 0] 557
[0, 1, 0, 0, 0, 1] 460
[0, 0, 1, 0, 0, 0] 438
[1, 0, 1, 0, 0, 1] 293
[0, 1, 1, 0, 1, 0] 230
[0, 1, 0, 0, 0, 0] 213
[1, 0, 1, 0, 0, 0] 144
[0, 1, 1, 0, 0, 1] 120
[0, 0, 0, 1, 1, 0] 57
[0, 1, 1, 0, 0, 0] 48
[0, 0, 0, 1, 0, 1] 23
[1, 0, 0, 1, 1, 0] 16
[0, 0, 1, 1, 1, 0] 15
[0, 0, 1, 1, 0, 1] 13
[0, 1, 0, 1, 1, 0] 12
[1, 0, 0, 1, 0, 1] 12
[0, 0, 0, 1, 0, 0] 11
[1, 0, 1, 1, 1, 0] 7
[1, 0, 0, 1, 0, 0] 5
[0, 1, 0, 1, 0, 0] 4
[0, 1, 0, 1, 0, 1] 3
[1, 0, 1, 1, 0, 0] 2
[0, 0, 1, 1, 0, 0] 1
[0, 1, 1, 1, 0, 1] 1
[1, 0, 1, 1, 0, 1] 1
Double sorted equations for column 0
[1, 0, 0, 0, 1, 0] 1895
[1, 0, 0, 0, 0, 1] 1128
[1, 0, 1, 0, 1, 0] 571
[1, 0, 0, 0, 0, 0] 557
[1, 0, 1, 0, 0, 1] 293
[1, 0, 1, 0, 0, 0] 144
[1, 0, 0, 1, 1, 0] 16
[1, 0, 0, 1, 0, 1] 12
[1, 0, 1, 1, 1, 0] 7
[1, 0, 0, 1, 0, 0] 5
[1, 0, 1, 1, 0, 0] 2
[1, 0, 1, 1, 0, 1] 1
[0, 0, 0, 0, 1, 0] 5697
[0, 0, 0, 0, 0, 1] 3123
[0, 0, 1, 0, 1, 0] 1595
[0, 0, 1, 0, 0, 1] 927
[0, 1, 0, 0, 1, 0] 835
[0, 1, 0, 0, 0, 1] 460
[0, 0, 1, 0, 0, 0] 438
[0, 1, 1, 0, 1, 0] 230
[0, 1, 0, 0, 0, 0] 213
[0, 1, 1, 0, 0, 1] 120
[0, 0, 0, 1, 1, 0] 57
[0, 1, 1, 0, 0, 0] 48
[0, 0, 0, 1, 0, 1] 23
[0, 0, 1, 1, 1, 0] 15
[0, 0, 1, 1, 0, 1] 13
[0, 1, 0, 1, 1, 0] 12
[0, 0, 0, 1, 0, 0] 11
[0, 1, 0, 1, 0, 0] 4
[0, 1, 0, 1, 0, 1] 3
[0, 0, 1, 1, 0, 0] 1
[0, 1, 1, 1, 0, 1] 1
[[[1], 0.11490125673249552]] 0 [557]



[0, 0, 0, 0, 1, 0] 5697
[0, 0, 0, 0, 0, 1] 3123
[1, 0, 0, 0, 1, 0] 1895
[0, 0, 1, 0, 1, 0] 1595
[1, 0, 0, 0, 0, 1] 1128
[0, 0, 1, 0, 0, 1] 927
[0, 1, 0, 0, 1, 0] 835
[1, 0, 1, 0, 1, 0] 571
[1, 0, 0, 0, 0, 0] 557
[0, 1, 0, 0, 0, 1] 460
[0, 0, 1, 0, 0, 0] 438
[1, 0, 1, 0, 0, 1] 293
[0, 1, 1, 0, 1, 0] 230
[0, 1, 0, 0, 0, 0] 213
[1, 0, 1, 0, 0, 0] 144
[0, 1, 1, 0, 0, 1] 120
[0, 0, 0, 1, 1, 0] 57
[0, 1, 1, 0, 0, 0] 48
[0, 0, 0, 1, 0, 1] 23
[1, 0, 0, 1, 1, 0] 16
[0, 0, 1, 1, 1, 0] 15
[0, 0, 1, 1, 0, 1] 13
[0, 1, 0, 1, 1, 0] 12
[1, 0, 0, 1, 0, 1] 12
[0, 0, 0, 1, 0, 0] 11
[1, 0, 1, 1, 1, 0] 7
[1, 0, 0, 1, 0, 0] 5
[0, 1, 0, 1, 0, 0] 4
[0, 1, 0, 1, 0, 1] 3
[1, 0, 1, 1, 0, 0] 2
[0, 0, 1, 1, 0, 0] 1
[0, 1, 1, 1, 0, 1] 1
[1, 0, 1, 1, 0, 1] 1
Double sorted equations for column 1
[0, 1, 0, 0, 1, 0] 835
[0, 1, 0, 0, 0, 1] 460
[0, 1, 1, 0, 1, 0] 230
[0, 1, 0, 0, 0, 0] 213
[0, 1, 1, 0, 0, 1] 120
[0, 1, 1, 0, 0, 0] 48
[0, 1, 0, 1, 1, 0] 12
[0, 1, 0, 1, 0, 0] 4
[0, 1, 0, 1, 0, 1] 3
[0, 1, 1, 1, 0, 1] 1
[0, 0, 0, 0, 1, 0] 5697
[0, 0, 0, 0, 0, 1] 3123
[1, 0, 0, 0, 1, 0] 1895
[0, 0, 1, 0, 1, 0] 1595
[1, 0, 0, 0, 0, 1] 1128
[0, 0, 1, 0, 0, 1] 927
[1, 0, 1, 0, 1, 0] 571
[1, 0, 0, 0, 0, 0] 557
[0, 0, 1, 0, 0, 0] 438
[1, 0, 1, 0, 0, 1] 293
[1, 0, 1, 0, 0, 0] 144
[0, 0, 0, 1, 1, 0] 57
[0, 0, 0, 1, 0, 1] 23
[1, 0, 0, 1, 1, 0] 16
[0, 0, 1, 1, 1, 0] 15
[0, 0, 1, 1, 0, 1] 13
[1, 0, 0, 1, 0, 1] 12
[0, 0, 0, 1, 0, 0] 11
[1, 0, 1, 1, 1, 0] 7
[1, 0, 0, 1, 0, 0] 5
[1, 0, 1, 1, 0, 0] 2
[0, 0, 1, 1, 0, 0] 1
[1, 0, 1, 1, 0, 1] 1
[[[1], 0.2535211267605634]] 0 [213]



[0, 0, 0, 0, 1, 0] 5697
[0, 0, 0, 0, 0, 1] 3123
[1, 0, 0, 0, 1, 0] 1895
[0, 0, 1, 0, 1, 0] 1595
[1, 0, 0, 0, 0, 1] 1128
[0, 0, 1, 0, 0, 1] 927
[0, 1, 0, 0, 1, 0] 835
[1, 0, 1, 0, 1, 0] 571
[1, 0, 0, 0, 0, 0] 557
[0, 1, 0, 0, 0, 1] 460
[0, 0, 1, 0, 0, 0] 438
[1, 0, 1, 0, 0, 1] 293
[0, 1, 1, 0, 1, 0] 230
[0, 1, 0, 0, 0, 0] 213
[1, 0, 1, 0, 0, 0] 144
[0, 1, 1, 0, 0, 1] 120
[0, 0, 0, 1, 1, 0] 57
[0, 1, 1, 0, 0, 0] 48
[0, 0, 0, 1, 0, 1] 23
[1, 0, 0, 1, 1, 0] 16
[0, 0, 1, 1, 1, 0] 15
[0, 0, 1, 1, 0, 1] 13
[0, 1, 0, 1, 1, 0] 12
[1, 0, 0, 1, 0, 1] 12
[0, 0, 0, 1, 0, 0] 11
[1, 0, 1, 1, 1, 0] 7
[1, 0, 0, 1, 0, 0] 5
[0, 1, 0, 1, 0, 0] 4
[0, 1, 0, 1, 0, 1] 3
[1, 0, 1, 1, 0, 0] 2
[0, 0, 1, 1, 0, 0] 1
[0, 1, 1, 1, 0, 1] 1
[1, 0, 1, 1, 0, 1] 1
Double sorted equations for column 2
[0, 0, 1, 0, 1, 0] 1595
[0, 0, 1, 0, 0, 1] 927
[1, 0, 1, 0, 1, 0] 571
[0, 0, 1, 0, 0, 0] 438
[1, 0, 1, 0, 0, 1] 293
[0, 1, 1, 0, 1, 0] 230
[1, 0, 1, 0, 0, 0] 144
[0, 1, 1, 0, 0, 1] 120
[0, 1, 1, 0, 0, 0] 48
[0, 0, 1, 1, 1, 0] 15
[0, 0, 1, 1, 0, 1] 13
[1, 0, 1, 1, 1, 0] 7
[1, 0, 1, 1, 0, 0] 2
[0, 0, 1, 1, 0, 0] 1
[0, 1, 1, 1, 0, 1] 1
[1, 0, 1, 1, 0, 1] 1
[0, 0, 0, 0, 1, 0] 5697
[0, 0, 0, 0, 0, 1] 3123
[1, 0, 0, 0, 1, 0] 1895
[1, 0, 0, 0, 0, 1] 1128
[0, 1, 0, 0, 1, 0] 835
[1, 0, 0, 0, 0, 0] 557
[0, 1, 0, 0, 0, 1] 460
[0, 1, 0, 0, 0, 0] 213
[0, 0, 0, 1, 1, 0] 57
[0, 0, 0, 1, 0, 1] 23
[1, 0, 0, 1, 1, 0] 16
[0, 1, 0, 1, 1, 0] 12
[1, 0, 0, 1, 0, 1] 12
[0, 0, 0, 1, 0, 0] 11
[1, 0, 0, 1, 0, 0] 5
[0, 1, 0, 1, 0, 0] 4
[0, 1, 0, 1, 0, 1] 3
[[[1], 0.273972602739726]] 0 [438]



[0, 0, 0, 0, 1, 0] 5697
[0, 0, 0, 0, 0, 1] 3123
[1, 0, 0, 0, 1, 0] 1895
[0, 0, 1, 0, 1, 0] 1595
[1, 0, 0, 0, 0, 1] 1128
[0, 0, 1, 0, 0, 1] 927
[0, 1, 0, 0, 1, 0] 835
[1, 0, 1, 0, 1, 0] 571
[1, 0, 0, 0, 0, 0] 557
[0, 1, 0, 0, 0, 1] 460
[0, 0, 1, 0, 0, 0] 438
[1, 0, 1, 0, 0, 1] 293
[0, 1, 1, 0, 1, 0] 230
[0, 1, 0, 0, 0, 0] 213
[1, 0, 1, 0, 0, 0] 144
[0, 1, 1, 0, 0, 1] 120
[0, 0, 0, 1, 1, 0] 57
[0, 1, 1, 0, 0, 0] 48
[0, 0, 0, 1, 0, 1] 23
[1, 0, 0, 1, 1, 0] 16
[0, 0, 1, 1, 1, 0] 15
[0, 0, 1, 1, 0, 1] 13
[0, 1, 0, 1, 1, 0] 12
[1, 0, 0, 1, 0, 1] 12
[0, 0, 0, 1, 0, 0] 11
[1, 0, 1, 1, 1, 0] 7
[1, 0, 0, 1, 0, 0] 5
[0, 1, 0, 1, 0, 0] 4
[0, 1, 0, 1, 0, 1] 3
[1, 0, 1, 1, 0, 0] 2
[0, 0, 1, 1, 0, 0] 1
[0, 1, 1, 1, 0, 1] 1
[1, 0, 1, 1, 0, 1] 1
Double sorted equations for column 3
[0, 0, 0, 1, 1, 0] 57
[0, 0, 0, 1, 0, 1] 23
[1, 0, 0, 1, 1, 0] 16
[0, 0, 1, 1, 1, 0] 15
[0, 0, 1, 1, 0, 1] 13
[0, 1, 0, 1, 1, 0] 12
[1, 0, 0, 1, 0, 1] 12
[0, 0, 0, 1, 0, 0] 11
[1, 0, 1, 1, 1, 0] 7
[1, 0, 0, 1, 0, 0] 5
[0, 1, 0, 1, 0, 0] 4
[0, 1, 0, 1, 0, 1] 3
[1, 0, 1, 1, 0, 0] 2
[0, 0, 1, 1, 0, 0] 1
[0, 1, 1, 1, 0, 1] 1
[1, 0, 1, 1, 0, 1] 1
[0, 0, 0, 0, 1, 0] 5697
[0, 0, 0, 0, 0, 1] 3123
[1, 0, 0, 0, 1, 0] 1895
[0, 0, 1, 0, 1, 0] 1595
[1, 0, 0, 0, 0, 1] 1128
[0, 0, 1, 0, 0, 1] 927
[0, 1, 0, 0, 1, 0] 835
[1, 0, 1, 0, 1, 0] 571
[1, 0, 0, 0, 0, 0] 557
[0, 1, 0, 0, 0, 1] 460
[0, 0, 1, 0, 0, 0] 438
[1, 0, 1, 0, 0, 1] 293
[0, 1, 1, 0, 1, 0] 230
[0, 1, 0, 0, 0, 0] 213
[1, 0, 1, 0, 0, 0] 144
[0, 1, 1, 0, 0, 1] 120
[0, 1, 1, 0, 0, 0] 48
[[[1], 0.18181818181818182]] 0 [11]



[0, 0, 0, 0, 1, 0] 5697
[0, 0, 0, 0, 0, 1] 3123
[1, 0, 0, 0, 1, 0] 1895
[0, 0, 1, 0, 1, 0] 1595
[1, 0, 0, 0, 0, 1] 1128
[0, 0, 1, 0, 0, 1] 927
[0, 1, 0, 0, 1, 0] 835
[1, 0, 1, 0, 1, 0] 571
[1, 0, 0, 0, 0, 0] 557
[0, 1, 0, 0, 0, 1] 460
[0, 0, 1, 0, 0, 0] 438
[1, 0, 1, 0, 0, 1] 293
[0, 1, 1, 0, 1, 0] 230
[0, 1, 0, 0, 0, 0] 213
[1, 0, 1, 0, 0, 0] 144
[0, 1, 1, 0, 0, 1] 120
[0, 0, 0, 1, 1, 0] 57
[0, 1, 1, 0, 0, 0] 48
[0, 0, 0, 1, 0, 1] 23
[1, 0, 0, 1, 1, 0] 16
[0, 0, 1, 1, 1, 0] 15
[0, 0, 1, 1, 0, 1] 13
[0, 1, 0, 1, 1, 0] 12
[1, 0, 0, 1, 0, 1] 12
[0, 0, 0, 1, 0, 0] 11
[1, 0, 1, 1, 1, 0] 7
[1, 0, 0, 1, 0, 0] 5
[0, 1, 0, 1, 0, 0] 4
[0, 1, 0, 1, 0, 1] 3
[1, 0, 1, 1, 0, 0] 2
[0, 0, 1, 1, 0, 0] 1
[0, 1, 1, 1, 0, 1] 1
[1, 0, 1, 1, 0, 1] 1
Double sorted equations for column 4
[0, 0, 0, 0, 1, 0] 5697
[1, 0, 0, 0, 1, 0] 1895
[0, 0, 1, 0, 1, 0] 1595
[0, 1, 0, 0, 1, 0] 835
[1, 0, 1, 0, 1, 0] 571
[0, 1, 1, 0, 1, 0] 230
[0, 0, 0, 1, 1, 0] 57
[1, 0, 0, 1, 1, 0] 16
[0, 0, 1, 1, 1, 0] 15
[0, 1, 0, 1, 1, 0] 12
[1, 0, 1, 1, 1, 0] 7
[0, 0, 0, 0, 0, 1] 3123
[1, 0, 0, 0, 0, 1] 1128
[0, 0, 1, 0, 0, 1] 927
[1, 0, 0, 0, 0, 0] 557
[0, 1, 0, 0, 0, 1] 460
[0, 0, 1, 0, 0, 0] 438
[1, 0, 1, 0, 0, 1] 293
[0, 1, 0, 0, 0, 0] 213
[1, 0, 1, 0, 0, 0] 144
[0, 1, 1, 0, 0, 1] 120
[0, 1, 1, 0, 0, 0] 48
[0, 0, 0, 1, 0, 1] 23
[0, 0, 1, 1, 0, 1] 13
[1, 0, 0, 1, 0, 1] 12
[0, 0, 0, 1, 0, 0] 11
[1, 0, 0, 1, 0, 0] 5
[0, 1, 0, 1, 0, 0] 4
[0, 1, 0, 1, 0, 1] 3
[1, 0, 1, 1, 0, 0] 2
[0, 0, 1, 1, 0, 0] 1
[0, 1, 1, 1, 0, 1] 1
[1, 0, 1, 1, 0, 1] 1
[[[1], 0.04388274530454625]] 0 [5697]



[0, 0, 0, 0, 1, 0] 5697
[0, 0, 0, 0, 0, 1] 3123
[1, 0, 0, 0, 1, 0] 1895
[0, 0, 1, 0, 1, 0] 1595
[1, 0, 0, 0, 0, 1] 1128
[0, 0, 1, 0, 0, 1] 927
[0, 1, 0, 0, 1, 0] 835
[1, 0, 1, 0, 1, 0] 571
[1, 0, 0, 0, 0, 0] 557
[0, 1, 0, 0, 0, 1] 460
[0, 0, 1, 0, 0, 0] 438
[1, 0, 1, 0, 0, 1] 293
[0, 1, 1, 0, 1, 0] 230
[0, 1, 0, 0, 0, 0] 213
[1, 0, 1, 0, 0, 0] 144
[0, 1, 1, 0, 0, 1] 120
[0, 0, 0, 1, 1, 0] 57
[0, 1, 1, 0, 0, 0] 48
[0, 0, 0, 1, 0, 1] 23
[1, 0, 0, 1, 1, 0] 16
[0, 0, 1, 1, 1, 0] 15
[0, 0, 1, 1, 0, 1] 13
[0, 1, 0, 1, 1, 0] 12
[1, 0, 0, 1, 0, 1] 12
[0, 0, 0, 1, 0, 0] 11
[1, 0, 1, 1, 1, 0] 7
[1, 0, 0, 1, 0, 0] 5
[0, 1, 0, 1, 0, 0] 4
[0, 1, 0, 1, 0, 1] 3
[1, 0, 1, 1, 0, 0] 2
[0, 0, 1, 1, 0, 0] 1
[0, 1, 1, 1, 0, 1] 1
[1, 0, 1, 1, 0, 1] 1
Double sorted equations for column 5
[0, 0, 0, 0, 0, 1] 3123
[1, 0, 0, 0, 0, 1] 1128
[0, 0, 1, 0, 0, 1] 927
[0, 1, 0, 0, 0, 1] 460
[1, 0, 1, 0, 0, 1] 293
[0, 1, 1, 0, 0, 1] 120
[0, 0, 0, 1, 0, 1] 23
[0, 0, 1, 1, 0, 1] 13
[1, 0, 0, 1, 0, 1] 12
[0, 1, 0, 1, 0, 1] 3
[0, 1, 1, 1, 0, 1] 1
[1, 0, 1, 1, 0, 1] 1
[0, 0, 0, 0, 1, 0] 5697
[1, 0, 0, 0, 1, 0] 1895
[0, 0, 1, 0, 1, 0] 1595
[0, 1, 0, 0, 1, 0] 835
[1, 0, 1, 0, 1, 0] 571
[1, 0, 0, 0, 0, 0] 557
[0, 0, 1, 0, 0, 0] 438
[0, 1, 1, 0, 1, 0] 230
[0, 1, 0, 0, 0, 0] 213
[1, 0, 1, 0, 0, 0] 144
[0, 0, 0, 1, 1, 0] 57
[0, 1, 1, 0, 0, 0] 48
[1, 0, 0, 1, 1, 0] 16
[0, 0, 1, 1, 1, 0] 15
[0, 1, 0, 1, 1, 0] 12
[0, 0, 0, 1, 0, 0] 11
[1, 0, 1, 1, 1, 0] 7
[1, 0, 0, 1, 0, 0] 5
[0, 1, 0, 1, 0, 0] 4
[1, 0, 1, 1, 0, 0] 2
[0, 0, 1, 1, 0, 0] 1
[[[1], 0.1255203330131284]] 0 [3123]
(('Benign', 'Smoker', 'OnePack'), 0.13824057450628369)
(('Benign', 'Smoker', 'TwoPacks'), 0.25352112676056338)
(('Benign', 'Genetic', 'True'), 0.58675799086757996)
(('Benign', 'CoalWorker', 'True'), 0.54545454545454541)
(('Benign', 'BadDiet', 'Good'), 0.64068808144637523)
(('Benign', 'BadDiet', 'Bad'), 0.21581812359910346)
(('Malignant', 'Smoker', 'OnePack'), 0.11490125673249552)
(('Malignant', 'Smoker', 'TwoPacks'), 0.25352112676056338)
(('Malignant', 'Genetic', 'True'), 0.2739726027397259)
(('Malignant', 'CoalWorker', 'True'), 0.18181818181818188)
(('Malignant', 'BadDiet', 'Good'), 0.043882745304546278)
(('Malignant', 'BadDiet', 'Bad'), 0.12552033301312837)
REAL
(('Malignant', 'Smoker', 'TwoPacks'), 0.23)
(('Malignant', 'Smoker', 'OnePack'), 0.11)
(('Malignant', 'Genetic', 'True'), 0.25)
(('Malignant', 'CoalWorker', 'True'), 0.15)
(('Malignant', 'BadDiet', 'Good'), 0.04)
(('Malignant', 'BadDiet', 'Bad'), 0.13)
(('Benign', 'Smoker', 'TwoPacks'), 0.25)
(('Benign', 'Smoker', 'OnePack'), 0.14)
(('Benign', 'Genetic', 'True'), 0.55)
(('Benign', 'CoalWorker', 'True'), 0.66)
(('Benign', 'BadDiet', 'Good'), 0.63)
(('Benign', 'BadDiet', 'Bad'), 0.22)
